time,height_delta,beta
2.6704379248392933,0,0.225
3.643054979091867,1,0.225
9.67617753452485,2,0.225
11.269218118445128,3,0.225
11.898799844275834,4,0.225
13.300006191697358,5,0.225
13.554793075179703,4,0.225
13.72968047257835,4,0.225
15.538214158266724,3,0.225
16.208593726850367,3,0.225
18.86172295139054,4,0.225
19.873857302827012,3,0.225
20.66201845210735,3,0.225
21.812252081552995,2,0.225
22.69805038000252,3,0.225
22.770404378202606,3,0.225
22.77092687534497,3,0.225
25.327028452151918,4,0.225
25.80213100647686,3,0.225
28.02808710228654,4,0.225
28.89924041617306,3,0.225
30.877357045790482,2,0.225
32.64676464792808,3,0.225
33.29791170921248,2,0.225
36.42389791146791,3,0.225
37.77121687398295,2,0.225
42.893373260742614,1,0.225
48.365320606653796,0,0.225
48.847757105637655,1,0.225
49.44587839663327,0,0.225
51.96683101750965,0,0.225
52.24660902934879,1,0.225
52.352411953769014,1,0.225
53.24040734797463,2,0.225
53.485054710338126,1,0.225
57.4368628586139,2,0.225
57.7191329112946,3,0.225
58.48333180951444,2,0.225
60.6823942827528,1,0.225
61.75430220289941,2,0.225
63.24720310307278,1,0.225
73.24860635664302,2,0.225
73.44855147499526,1,0.225
77.76117562652905,2,0.225
77.886045867301,3,0.225
78.39574358903934,4,0.225
84.25309103071648,3,0.225
85.92597683420999,2,0.225
87.46043825991076,1,0.225
89.778886268065,2,0.225
91.07693044659011,1,0.225
92.14795850138347,2,0.225
92.38392775697885,3,0.225
94.59580485969276,2,0.225
95.58181676309965,3,0.225
96.27022334657572,2,0.225
102.31044928508854,1,0.225
102.60307698550636,0,0.225
104.04378296982011,0,0.225
106.13302928044817,0,0.225
106.46928475579244,0,0.225
107.38837242534994,0,0.225
108.63993131913571,0,0.225
108.74862467860613,0,0.225
110.34844623658154,0,0.225
110.76505861632165,1,0.225
111.0413836944,1,0.225
112.24071851925008,0,0.225
113.27606204620682,1,0.225
115.44599350773402,0,0.225
118.66374665923875,1,0.225
123.35744628452812,0,0.225
123.9907036377936,0,0.225
125.71157526251613,1,0.225
129.39590834875597,0,0.225
132.71423847451098,0,0.225
135.51630024644038,0,0.225
137.90895767352637,1,0.225
140.08246642944218,2,0.225
141.45946104095233,3,0.225
145.2895609211561,4,0.225
147.96324162884608,3,0.225
148.67038602623535,4,0.225
149.51502950860387,5,0.225
152.52500956320966,4,0.225
158.93040462539264,5,0.225
159.99610495978908,6,0.225
160.2108971890273,7,0.225
160.4024357013943,8,0.225
160.9003500153797,9,0.225
166.42808738378113,8,0.225
166.95589096185142,8,0.225
167.33862300304884,9,0.225
170.169326015184,10,0.225
171.61753209388948,11,0.225
172.11816590710387,12,0.225
173.1870894791276,11,0.225
174.12589319346216,12,0.225
177.13327032154896,11,0.225
177.36795428703292,12,0.225
181.66067139941075,13,0.225
183.97088223840885,14,0.225
186.2589220397275,15,0.225
190.40859127937,14,0.225
190.53927822193742,14,0.225
193.30028434936614,13,0.225
199.64284418549738,14,0.225
202.95423738556144,15,0.225
204.16538039068305,14,0.225
205.26716285440503,13,0.225
205.98025225870987,13,0.225
206.1016679498457,13,0.225
207.29252516651826,12,0.225
208.4229340208154,13,0.225
210.50617204848618,12,0.225
214.37516535584584,13,0.225
216.68040852097846,12,0.225
217.21585776294074,13,0.225
217.9823375820177,12,0.225
218.8165135670946,13,0.225
219.52501968030745,14,0.225
220.78585936989575,13,0.225
221.24868580687394,14,0.225
221.48115006427517,14,0.225
223.998401117926,13,0.225
226.66777450964662,14,0.225
228.80726738667846,15,0.225
229.248111251674,16,0.225
231.38399021240994,17,0.225
235.32215030946278,16,0.225
236.2702109514736,17,0.225
236.8173166216426,18,0.225
237.10223083596816,17,0.225
238.334693491338,16,0.225
239.4713777219969,15,0.225
241.35707227539095,16,0.225
242.47610835912485,15,0.225
244.03934591829795,14,0.225
247.75835051380133,13,0.225
248.02005985126152,14,0.225
252.59625163732326,13,0.225
252.816637372699,14,0.225
255.14521983641984,15,0.225
264.31955988744124,14,0.225
264.73877702718414,14,0.225
267.11754831609863,13,0.225
267.6708986789948,14,0.225
269.5392292609091,13,0.225
274.4577333326094,14,0.225
275.7854667826856,13,0.225
278.67653463702374,14,0.225
278.84498653934037,15,0.225
282.7452259632507,14,0.225
284.76870100193406,15,0.225
290.10200593777574,14,0.225
290.42748325114627,14,0.225
292.91428890440443,13,0.225
293.303489675399,13,0.225
297.35870417465503,12,0.225
301.5138277491638,11,0.225
301.8133319331214,12,0.225
303.33137081436104,11,0.225
303.3970925315783,11,0.225
305.5607808732508,12,0.225
306.34356027168815,13,0.225
308.26908979102285,14,0.225
308.3071001304308,15,0.225
309.3134608749132,16,0.225
309.7880018649517,15,0.225
311.74283568680556,14,0.225
312.89946975453967,15,0.225
315.2840419514374,16,0.225
316.81509111171187,15,0.225
320.55045884848124,16,0.225
322.7572190763593,15,0.225
324.80019982697655,16,0.225
325.0213357012665,17,0.225
327.71380529987937,16,0.225
329.1834685078789,17,0.225
329.39875034113663,16,0.225
330.07638511253697,16,0.225
332.2138819572314,17,0.225
332.39334352748835,16,0.225
340.22155239623436,17,0.225
345.0794653372726,18,0.225
347.2238720374462,17,0.225
347.8411415366783,18,0.225
352.81591588201167,17,0.225
353.79091884253893,18,0.225
356.7313919920687,19,0.225
358.7101651935045,18,0.225
359.3704359561799,18,0.225
360.75890146904914,19,0.225
361.21340179855133,18,0.225
370.09806387480586,17,0.225
371.8371863210723,18,0.225
376.92808609602287,17,0.225
382.5915078045697,16,0.225
383.38787815569015,15,0.225
384.1264304758169,15,0.225
384.2043234375171,15,0.225
385.73819541999495,16,0.225
386.5755942280462,15,0.225
388.11480518853284,14,0.225
388.51700647651927,15,0.225
391.187711647333,16,0.225
391.26989107347197,17,0.225
397.0568104880902,16,0.225
397.8151456983401,16,0.225
406.06425882301977,17,0.225
407.0430727739361,16,0.225
409.7895937436278,15,0.225
409.83634273016366,15,0.225
412.40417490579,16,0.225
412.84482767310294,17,0.225
413.55983032835934,18,0.225
416.49080421767104,19,0.225
416.8232296305229,20,0.225
420.1936125961424,19,0.225
422.31738900025545,20,0.225
423.48549405582247,19,0.225
425.57798184918084,20,0.225
425.6721210626266,21,0.225
428.93389910061876,20,0.225
431.6999512895128,21,0.225
437.0363030930525,20,0.225
437.2826117414604,21,0.225
437.537441769139,22,0.225
438.79585999414616,23,0.225
449.6061004701704,24,0.225
450.91675642157475,25,0.225
451.2187516524081,26,0.225
454.13949311779817,25,0.225
455.2013690339093,26,0.225
457.97845851875354,25,0.225
459.25889785447873,24,0.225
459.29881017776484,25,0.225
460.08125166497086,26,0.225
462.6516775221947,25,0.225
466.1483041089104,26,0.225
469.6603962321548,25,0.225
472.50390536755623,26,0.225
472.97554882613724,25,0.225
474.3350096609642,24,0.225
476.34607374262447,23,0.225
476.5032163908002,23,0.225
478.4592504224276,24,0.225
480.40277620899633,25,0.225
480.92103695652304,26,0.225
486.858021930149,25,0.225
487.0553570689013,26,0.225
488.8787550601006,25,0.225
490.0748781680033,24,0.225
490.23050929932833,24,0.225
493.2106127442165,23,0.225
493.64796777186666,23,0.225
494.72453276387427,24,0.225
500.4322908845585,23,0.225
501.0355449497396,23,0.225
512.2447073276244,24,0.225
513.4169347558294,23,0.225
516.3009453357597,24,0.225
521.8979412199094,25,0.225
523.2109419522902,26,0.225
525.4712702657322,25,0.225
525.7234744726097,25,0.225
527.3016531760147,24,0.225
528.4006544478891,23,0.225
528.7919358643986,24,0.225
529.5159483203942,25,0.225
533.7464449887623,26,0.225
540.0230146672195,25,0.225
541.6723904116742,26,0.225
543.30508285453,27,0.225
544.9845217412405,26,0.225
545.1371152830195,27,0.225
551.1361198495698,28,0.225
553.6220467949424,27,0.225
554.0248359290048,27,0.225
554.798360764515,26,0.225
555.6191380791784,26,0.225
557.3850404090019,25,0.225
558.0210178522261,25,0.225
559.9269775079848,26,0.225
565.0873183456898,25,0.225
565.4117782672965,26,0.225
566.2140791188513,27,0.225
567.3394839121039,26,0.225
570.3610263088037,25,0.225
570.7510987655683,25,0.225
571.324907126509,26,0.225
572.4519815137726,25,0.225
573.5222274946493,26,0.225
577.2170489878163,25,0.225
578.3707036106081,26,0.225
579.0171538545197,25,0.225
579.8065632233814,25,0.225
582.4843332081807,24,0.225
585.3342222986404,23,0.225
586.1203873749771,24,0.225
587.6279210519701,25,0.225
587.9937812782952,26,0.225
589.2023248306035,27,0.225
597.8768401177479,26,0.225
598.8315942375763,27,0.225
599.3628933919442,28,0.225
600.8448099659117,27,0.225
604.2633447426501,26,0.225
604.3949186423325,26,0.225
607.083941045323,25,0.225
608.7902893224084,24,0.225
608.8830668926176,25,0.225
609.233130693203,26,0.225
610.5496964947083,27,0.225
611.5379685838154,28,0.225
614.1999528912786,29,0.225
616.3001460769534,28,0.225
617.5587489046592,27,0.225
617.5748731258097,28,0.225
621.7522894875373,27,0.225
621.9092580354474,28,0.225
621.9620991562717,29,0.225
622.0880835844748,30,0.225
622.8783271579384,29,0.225
625.1620574589567,30,0.225
625.6404862799882,29,0.225
625.9702146750673,29,0.225
626.9640221363666,28,0.225
627.0929221231805,28,0.225
628.7462773059734,29,0.225
629.504348565852,28,0.225
634.1233090425351,27,0.225
638.9528280820621,26,0.225
639.319965061899,27,0.225
643.6365023027479,26,0.225
643.981964807927,27,0.225
644.0079016267136,28,0.225
644.8216170272062,29,0.225
649.352313363032,30,0.225
652.7396384218379,31,0.225
652.9382288022808,30,0.225
654.7055187482094,29,0.225
655.9124658555485,30,0.225
656.6034904547763,31,0.225
657.5923707067724,30,0.225
658.8646532129313,29,0.225
659.1654228558953,30,0.225
659.5959931196234,30,0.225
663.8115088617964,29,0.225
664.2467330247102,29,0.225
668.8970758289515,30,0.225
671.7449819520486,31,0.225
671.8619616801827,30,0.225
675.6364881977147,31,0.225
677.4418487335022,30,0.225
680.6600208820402,29,0.225
684.8160172918912,28,0.225
687.0855104416237,27,0.225
692.0393249583024,26,0.225
692.1643463231615,26,0.225
692.5738160082232,26,0.225
695.5120952776097,25,0.225
696.2668775679982,26,0.225
698.9139626193537,25,0.225
700.1395272064872,26,0.225
700.7287504553029,25,0.225
700.737366145823,25,0.225
706.5588887916991,24,0.225
706.916566079248,24,0.225
709.1393249485325,25,0.225
710.0527437230022,26,0.225
712.1984185357321,27,0.225
714.6993132242883,28,0.225
715.7156898508995,29,0.225
715.7890517658298,28,0.225
716.2743819363918,29,0.225
719.9261306270005,28,0.225
720.0134456800972,29,0.225
720.9128480643186,30,0.225
722.4341940989381,29,0.225
725.459187689721,28,0.225
726.9293003911556,27,0.225
729.0207421819847,26,0.225
732.8537956214785,25,0.225
734.1145017525372,26,0.225
736.8234369009041,25,0.225
738.8096517866755,26,0.225
738.9712515426354,27,0.225
740.227762810784,26,0.225
740.6467619642257,26,0.225
740.9740148090569,27,0.225
741.9733644504889,26,0.225
742.4828593129795,26,0.225
745.098774484403,27,0.225
746.0581085673757,26,0.225
749.960373332243,25,0.225
754.1133231376715,24,0.225
756.8233727165338,23,0.225
758.4554559910019,22,0.225
759.3488419146013,22,0.225
760.9459908966086,21,0.225
761.0099762368691,22,0.225
763.0461911799821,23,0.225
765.1252197287702,22,0.225
767.297152678499,21,0.225
770.2653129050553,22,0.225
772.675195385586,23,0.225
772.7501441186168,24,0.225
773.1103285245189,23,0.225
778.3350879177935,24,0.225
779.7132838449904,25,0.225
785.3136505688735,26,0.225
787.2241747475217,27,0.225
788.2286442875559,28,0.225
790.2774310913275,27,0.225
792.8583589397623,26,0.225
795.0870866161447,27,0.225
795.9440827914061,28,0.225
797.6109558650494,29,0.225
797.8475315051685,28,0.225
798.1802696941689,28,0.225
804.5953182634586,29,0.225
806.2251542122361,28,0.225
808.4001101448322,29,0.225
815.6851002468586,30,0.225
815.9622682027021,29,0.225
817.1759568247769,30,0.225
817.3819306539859,31,0.225
822.6743687449992,30,0.225
830.2521173358831,31,0.225
831.3120402853513,30,0.225
835.6274723231824,31,0.225
837.216882588527,32,0.225
845.9372349362108,33,0.225
846.1086156824198,32,0.225
846.2493579346922,33,0.225
846.4666618460523,34,0.225
851.2161377581969,33,0.225
852.4462943657471,32,0.225
855.6431181142972,31,0.225
856.5028551915977,31,0.225
857.4690007289001,32,0.225
857.7566941986963,33,0.225
858.4481283141772,34,0.225
862.5319530294979,35,0.225
863.2367514345797,36,0.225
868.2276749122319,37,0.225
871.5547890674209,36,0.225
875.512490740694,35,0.225
876.0877519911389,36,0.225
876.869112856217,35,0.225
877.1061302302131,36,0.225
878.899874978816,37,0.225
879.1072554423594,38,0.225
880.361022653456,39,0.225
881.2085916096408,40,0.225
884.0563125122103,39,0.225
884.0572544906929,39,0.225
886.5857040388464,38,0.225
887.5447111236009,38,0.225
889.681448858518,37,0.225
889.8461506767246,37,0.225
891.5873006319213,36,0.225
893.5412500874128,37,0.225
895.761510690096,36,0.225
896.7185081835703,36,0.225
899.7854222631405,37,0.225
901.6079609186951,36,0.225
903.4735699955563,35,0.225
903.790358668346,35,0.225
904.3380832991975,35,0.225
909.2703670237945,36,0.225
918.4311010039357,35,0.225
919.5089071200977,36,0.225
921.5525649298991,37,0.225
925.6130471959781,38,0.225
928.3606151398374,39,0.225
929.4055268596551,38,0.225
932.4246665186586,39,0.225
934.6143998719683,38,0.225
936.1044264789413,39,0.225
938.0826168213322,40,0.225
938.5409178337468,41,0.225
941.205626220203,40,0.225
942.1978854858711,41,0.225
943.165628591084,42,0.225
943.843553344892,43,0.225
944.17688111727,42,0.225
947.7947361384565,43,0.225
949.0441921274167,42,0.225
949.3726737486953,43,0.225
949.8936256563723,43,0.225
952.5568224010711,44,0.225
953.4606580503056,43,0.225
953.7418162560692,43,0.225
956.9304177115486,42,0.225
959.1308992218887,41,0.225
960.2206929894966,40,0.225
961.703429114009,39,0.225
964.9551181705881,40,0.225
965.8787146306136,39,0.225
967.5892815450177,38,0.225
967.8387945645865,38,0.225
970.1518858692762,37,0.225
973.2989027723319,38,0.225
975.4287091942983,37,0.225
977.9135457672543,38,0.225
979.8682990303425,37,0.225
982.8573231167187,36,0.225
983.3345889918194,37,0.225
983.3630226514276,38,0.225
984.3960360589009,37,0.225
985.0907838936058,37,0.225
985.8253545106531,36,0.225
985.9132084229628,37,0.225
989.4457206903814,38,0.225
990.4283570782999,37,0.225
990.9225671398444,38,0.225
995.5424614812737,39,0.225
999.4549797195402,38,0.225
1007.9110601962768,37,0.225
1011.5116198318855,36,0.225
1012.8417472462195,35,0.225
1013.2448226992993,36,0.225
1013.9051699401928,37,0.225
1015.8621910693521,36,0.225
1023.0966569575568,35,0.225
1023.6321533136162,35,0.225
1025.4139311954573,36,0.225
1025.7473758554045,35,0.225
1025.8557989276678,35,0.225
1028.2699925856718,34,0.225
1028.3087337015886,34,0.225
1030.3880948094782,33,0.225
1035.7639146327983,32,0.225
1047.4669687581234,31,0.225
1050.9305935543546,30,0.225
1051.074348678704,31,0.225
1052.238806925654,32,0.225
1055.8736522831475,31,0.225
1056.173215470387,31,0.225
1059.163153692218,30,0.225
1059.9398272936896,30,0.225
1062.4040711470873,31,0.225
1062.7263098150693,30,0.225
1063.408614017387,30,0.225
1064.9302697025705,31,0.225
1065.4006019531294,30,0.225
1068.8592758194318,29,0.225
1072.2575237226479,30,0.225
1072.8938600226509,31,0.225
1073.729043915855,30,0.225
1074.5148964904718,31,0.225
1074.5793061329077,32,0.225
1075.6054585848565,33,0.225
1077.9646917420753,34,0.225
1078.6409316680242,33,0.225
1079.1619654299711,33,0.225
1079.6167615712159,33,0.225
1080.9139428142446,34,0.225
1082.9744601131242,35,0.225
1083.3083036152193,36,0.225
1084.7459733995986,35,0.225
1085.9792814736447,34,0.225
1088.8514171618087,35,0.225
1092.5452094384718,34,0.225
1092.651392921142,35,0.225
1094.7857823711774,34,0.225
1098.0577952643164,35,0.225
1099.5159654806002,36,0.225
1099.7637854635188,37,0.225
1100.198208811141,38,0.225
1102.1722022330468,37,0.225
1103.1761762314811,36,0.225
1111.7343322596314,37,0.225
1118.4676591925831,38,0.225
1118.9405093042267,39,0.225
1120.7113988189956,38,0.225
1125.1141085674526,37,0.225
1125.1575617802237,37,0.225
1131.076507898637,36,0.225
1131.1515876545084,37,0.225
1135.5068565533136,38,0.225
1137.2497763252718,39,0.225
1138.0174434941482,40,0.225
1139.1889698085604,39,0.225
1140.265136057726,40,0.225
1142.5506853151608,39,0.225
1144.2863082500342,38,0.225
1153.6440310030591,39,0.225
1157.3789074101,40,0.225
1159.3120422828517,39,0.225
1159.4677389959995,40,0.225
1164.073858204201,39,0.225
1164.8810246531343,39,0.225
1165.0394338025915,39,0.225
1166.4276459902358,38,0.225
1173.1321893651998,37,0.225
1174.4624965770736,36,0.225
1175.804711677772,35,0.225
1176.4903388496161,35,0.225
1179.886085260614,34,0.225
1181.3710611213796,33,0.225
1185.9834268009686,32,0.225
1187.3228579190934,33,0.225
1188.5957219688855,32,0.225
1189.555175423466,33,0.225
1192.3209520974249,32,0.225
1193.8879281330687,31,0.225
1198.9299088415212,30,0.225
1199.5112758433022,30,0.225
1201.9873067213757,31,0.225
1204.621707636272,32,0.225
1206.6438236827057,33,0.225
1207.5778929502926,34,0.225
1208.9331955260218,33,0.225
1209.2267039438984,33,0.225
1209.3247624237165,34,0.225
1212.7231706459809,35,0.225
1212.86062623736,34,0.225
1213.1573357965792,35,0.225
1219.1292415478147,36,0.225
1219.8268302681797,35,0.225
1220.1424876189208,35,0.225
1222.310567988237,36,0.225
1223.9936709767192,35,0.225
1224.0619284337968,35,0.225
1224.0648070317366,36,0.225
1228.1730674456182,37,0.225
1228.587062025082,36,0.225
1230.9530059436872,35,0.225
1231.9375484207762,36,0.225
1232.0928049371023,35,0.225
1239.192929166339,36,0.225
1239.453872017137,35,0.225
1240.9680024610107,36,0.225
1241.5799050594069,37,0.225
1241.780602320589,36,0.225
1243.8114024768297,35,0.225
1247.6549015254514,36,0.225
1247.8962777801762,37,0.225
1250.2319962239544,36,0.225
1250.2693643190853,36,0.225
1253.5613456933063,35,0.225
1257.0697947238375,36,0.225
1261.3368558407308,35,0.225
1261.4139951110305,35,0.225
1262.3262710362492,36,0.225
1264.0541862697548,37,0.225
1264.5027361282382,36,0.225
1264.5889931017716,36,0.225
1265.4245824973466,36,0.225
1266.3994307910748,37,0.225
1267.054599268942,36,0.225
1268.0782861833018,37,0.225
1268.1596861359353,36,0.225
1268.4827206208352,36,0.225
1269.2634290243996,35,0.225
1272.0774085053738,36,0.225
1274.8231297352875,35,0.225
1275.6858107579724,36,0.225
1275.7191634674134,36,0.225
1276.1609985363948,35,0.225
1278.7078819795195,36,0.225
1279.6892444262508,35,0.225
1281.0784896537987,34,0.225
1283.700686313612,35,0.225
1283.9627526332135,36,0.225
1286.2759866729864,37,0.225
1288.1193832743838,38,0.225
1290.9080597372547,37,0.225
1291.977429744543,38,0.225
1293.5818873491512,37,0.225
1296.91714026838,38,0.225
1298.172785519739,37,0.225
1299.548568438307,38,0.225
1300.2437731933271,39,0.225
1303.605878313979,40,0.225
1304.2905977722648,39,0.225
1305.86081689531,38,0.225
1307.640773862707,37,0.225
1308.4201474549127,37,0.225
1315.2690570709565,36,0.225
1315.9452945831126,37,0.225
1318.1336578407042,38,0.225
1318.879927781368,37,0.225
1318.9263912542708,38,0.225
1323.479609951559,37,0.225
1323.6055391738682,38,0.225
1330.4404351354183,39,0.225
1330.976743625972,38,0.225
1332.0016078110905,39,0.225
1334.2082177835405,40,0.225
1338.064390016955,39,0.225
1342.2684902761507,40,0.225
1345.1858933653493,41,0.225
1345.5746192761949,42,0.225
1346.5611397913647,41,0.225
1347.7735145765207,42,0.225
1347.9957399583272,41,0.225
1351.9037058220963,42,0.225
1354.6938493769112,43,0.225
1355.212242474624,42,0.225
1355.3067517033433,42,0.225
1356.882613325622,43,0.225
1357.2291892957599,42,0.225
1358.5194501139833,43,0.225
1360.114228623021,44,0.225
1360.6062928985755,45,0.225
1361.5965875888025,46,0.225
1361.693485688589,47,0.225
1362.135984405618,48,0.225
1366.185990555167,47,0.225
1367.2735058166766,46,0.225
1367.3105850566374,46,0.225
1370.4436627414018,45,0.225
1372.7319434498163,46,0.225
1380.2233783883084,47,0.225
1384.0267163926703,46,0.225
1386.3524844722363,45,0.225
1388.1120291940035,46,0.225
1391.8378390781736,47,0.225
1393.4562236934835,46,0.225
1396.7371136221486,45,0.225
1401.745884989414,44,0.225
1401.8277431921945,45,0.225
1404.4911887778565,44,0.225
1405.1201100868177,44,0.225
1410.1381913736889,45,0.225
1411.8305261347884,44,0.225
1413.6854101494653,43,0.225
1415.0194793214168,42,0.225
1416.3271201144667,41,0.225
1417.4339753224072,42,0.225
1423.4118129114836,43,0.225
1423.7390941721526,44,0.225
1424.9542095478203,43,0.225
1425.4814521453961,44,0.225
1425.5731590438486,44,0.225
1430.618339905207,43,0.225
1433.5907877654124,44,0.225
1434.02975233166,43,0.225
1436.0409847220456,44,0.225
1443.1693501282712,45,0.225
1444.396239138435,46,0.225
1444.4239617400094,45,0.225
1449.7797177306381,46,0.225
1450.2648967645264,45,0.225
1453.8341699136913,46,0.225
1454.2412414931216,45,0.225
1456.8782898486786,46,0.225
1459.943273175105,47,0.225
1461.2327836222598,48,0.225
1461.2692445180755,47,0.225
1461.4372844908298,48,0.225
1461.7202055049167,48,0.225
1463.1107308484964,47,0.225
1463.7501788972522,47,0.225
1467.6279883376599,48,0.225
1468.5392009860213,47,0.225
1468.744963393691,47,0.225
1469.2325713704531,47,0.225
1469.7929823450777,48,0.225
1471.3716973481366,47,0.225
1475.24429162512,46,0.225
1478.27149863617,45,0.225
1484.1197527667575,44,0.225
1485.4160877086617,45,0.225
1487.5357860076058,46,0.225
1490.6970336584136,45,0.225
1491.9472005968596,44,0.225
1495.3024817307453,43,0.225
1495.8641852232574,44,0.225
1498.6035381764946,43,0.225
1500.4750006827226,44,0.225
1504.1437957993544,45,0.225
1505.0905256058688,46,0.225
1506.6254732950777,45,0.225
1508.620653210534,46,0.225
1509.0087273592098,47,0.225
1509.3731794248247,48,0.225
1511.0706131621967,47,0.225
1516.012318100137,48,0.225
1517.5791919058931,47,0.225
1517.9384659926027,48,0.225
1523.8607457581156,47,0.225
1525.086619726354,46,0.225
1525.4516980548858,47,0.225
1525.9760430327224,48,0.225
1527.2224972902197,49,0.225
1528.4279999296357,50,0.225
1530.8115574856492,51,0.225
1531.728276550905,52,0.225
1534.0219502527111,51,0.225
1534.6106879435608,51,0.225
1534.6507014440779,52,0.225
1536.7891206110137,51,0.225
1538.1525497895109,50,0.225
1542.5647833095754,51,0.225
1543.781957999018,50,0.225
1545.7933947763343,51,0.225
1551.7021043230136,50,0.225
1553.664908617921,51,0.225
1555.4677448293028,52,0.225
1557.092734518553,51,0.225
1558.0377411457061,51,0.225
1560.1107114792912,52,0.225
1560.9062602010733,53,0.225
1560.9785186962654,52,0.225
1561.4570729543916,52,0.225
1563.7557483747794,51,0.225
1563.9905799103576,51,0.225
1567.9650977934668,50,0.225
1568.1691031943026,51,0.225
1569.3733542442849,52,0.225
1571.9306711316012,53,0.225
1572.1569061393957,54,0.225
1572.4402593505895,53,0.225
1572.6572080544408,53,0.225
1574.596514828812,52,0.225
1575.2710793719452,53,0.225
1578.4094530060945,54,0.225
1578.7257088270821,53,0.225
1578.8158531328463,53,0.225
1586.450091535627,54,0.225
1587.9474575871589,53,0.225
1590.0835813066285,54,0.225
1590.91931173235,53,0.225
1593.89296495244,52,0.225
1598.4888260846103,51,0.225
1599.0623123937228,51,0.225
1603.1898377610655,52,0.225
1603.7236055713263,53,0.225
1605.4562733264736,52,0.225
1606.9861250244965,51,0.225
1610.4448430723967,50,0.225
1613.856420242966,51,0.225
1614.4311986930727,50,0.225
1614.661413142363,51,0.225
1617.3582434250798,50,0.225
1619.749470852353,49,0.225
1622.4719832509643,48,0.225
1629.6697791468926,49,0.225
1630.2547546190694,50,0.225
1630.400461057242,49,0.225
1631.7585732901773,50,0.225
1633.839508077858,49,0.225
1637.7995922281816,48,0.225
1638.296665270648,48,0.225
1638.3776656363748,49,0.225
1640.5753947867975,48,0.225
1641.798906896579,49,0.225
1643.492779469894,50,0.225
1643.7042066773633,51,0.225
1644.0006468877898,50,0.225
1644.6556748454082,51,0.225
1648.2407754791532,52,0.225
1649.4693545051953,51,0.225
1653.1418008798528,50,0.225
1654.6832980974793,49,0.225
1656.7734657585952,48,0.225
1662.397175824628,47,0.225
1669.9677181142426,46,0.225
1670.0961802894426,47,0.225
1670.316380968547,48,0.225
1670.8418784854575,49,0.225
1672.6274480974266,48,0.225
1673.6982508533827,49,0.225
1678.0370300375919,50,0.225
1680.1580949084419,51,0.225
1680.911398535885,52,0.225
1682.6940459711934,53,0.225
1684.2902774808435,52,0.225
1687.7710899562082,51,0.225
1693.4055314501986,52,0.225
1694.1137348146865,53,0.225
1696.7828285828423,52,0.225
1696.8439837594656,53,0.225
1698.3261317808297,52,0.225
1701.124415428843,51,0.225
1701.6804583911382,51,0.225
1702.5479379745693,52,0.225
1705.1681869230554,51,0.225
1708.7393625298491,50,0.225
1711.7383548588793,51,0.225
1712.943253416451,50,0.225
1714.9472528842598,51,0.225
1716.883651935557,52,0.225
1720.789289732888,51,0.225
1721.5796528564883,52,0.225
1721.9199324753436,53,0.225
1725.872253506109,52,0.225
1730.0595845692192,53,0.225
1732.6808484103756,52,0.225
1733.7906405297672,51,0.225
1735.1778226473098,52,0.225
1737.655158834641,53,0.225
1738.5514053014454,52,0.225
1742.7494560556981,53,0.225
1744.3401836842072,52,0.225
1744.4645497648958,53,0.225
1747.8305477622603,52,0.225
1749.6650364549914,51,0.225
1753.781035613037,50,0.225
1760.9874252943148,51,0.225
1761.3434775243968,52,0.225
1761.5925563460053,51,0.225
1761.828239296747,51,0.225
1763.7713832578859,50,0.225
1763.7754333297598,50,0.225
1767.9944114409943,49,0.225
1770.1970571719678,50,0.225
1771.1141048779086,49,0.225
1772.1043760184268,49,0.225
1772.8666344558833,48,0.225
1775.4676883497013,47,0.225
1778.5668853282864,48,0.225
1778.6337486559064,49,0.225
1780.6599263454962,48,0.225
1781.3230115689432,48,0.225
1782.4934275606433,49,0.225
1783.5496946101944,48,0.225
1784.3753231518142,49,0.225
1784.993399861792,50,0.225
1785.6568767271574,49,0.225
1787.4043334739824,48,0.225
1788.5835825672154,49,0.225
1790.8976534766691,50,0.225
1791.2690163604525,49,0.225
1792.6068940218781,48,0.225
1799.1987209487413,47,0.225
1799.8862046830736,48,0.225
1803.0934458830736,47,0.225
1803.9916096651502,48,0.225
1808.7309002309287,47,0.225
1811.4149206611933,48,0.225
1812.1051491918022,49,0.225
1813.7430729046791,50,0.225
1813.978072516997,51,0.225
1817.1188842517133,50,0.225
1820.7964193950097,49,0.225
1821.5610914634494,50,0.225
1822.047864271254,51,0.225
1823.8429902236298,50,0.225
1825.4940201279028,49,0.225
1829.4044864945295,48,0.225
1829.4860094941725,48,0.225
1829.8273614008501,49,0.225
1833.367465065471,50,0.225
1834.1545340574448,49,0.225
1835.9685696964996,50,0.225
1837.7715117203054,49,0.225
1840.1903691560894,50,0.225
1843.26180124843,51,0.225
1843.791897775023,52,0.225
1843.81074697008,51,0.225
1846.1964391524555,50,0.225
1848.1333409083543,49,0.225
1849.2944760319922,50,0.225
1850.421029605029,51,0.225
1852.3812891488196,52,0.225
1852.4483208481274,51,0.225
1856.8142431653628,52,0.225
1856.8333340767003,51,0.225
1860.191748295338,52,0.225
1860.6025534047283,51,0.225
1861.2364750496895,52,0.225
1863.9703173927808,51,0.225
1867.8092714261998,50,0.225
1868.222920173912,50,0.225
1873.933523340897,51,0.225
1877.028468949963,52,0.225
1878.770594468374,51,0.225
1879.1441781340811,52,0.225
1882.1484507209207,51,0.225
1883.92437542152,52,0.225
1884.5787558280188,53,0.225
1886.3793452049124,54,0.225
1886.8225685047962,55,0.225
1890.9441327481652,56,0.225
1892.6868589733824,57,0.225
1892.9531254839014,56,0.225
1894.1837968084335,55,0.225
1897.3687977085926,56,0.225
1898.0991162063665,57,0.225
1898.9798226157573,56,0.225
1901.175281742445,55,0.225
1901.7880638494973,55,0.225
1905.8304667956047,56,0.225
1906.2173486368913,57,0.225
1907.4547358718003,58,0.225
1910.1178288627218,59,0.225
1910.1195313152296,58,0.225
1911.2858315688643,59,0.225
1911.4516529266505,60,0.225
1912.1207339533114,59,0.225
1913.4659607843248,60,0.225
1915.7049609514606,59,0.225
1922.2864592133687,58,0.225
1925.5396413803846,59,0.225
1932.149817183422,58,0.225
1932.3945221668864,59,0.225
1934.0499715090962,60,0.225
1934.117428365809,61,0.225
1934.2259945804044,62,0.225
1934.390989478699,63,0.225
1934.7236164274345,64,0.225
1936.3721013241864,65,0.225
1941.6258592096162,66,0.225
1944.1992551124724,67,0.225
1947.378912707789,68,0.225
1954.7268088984351,69,0.225
1954.759455219744,70,0.225
1956.2265543415951,71,0.225
1956.2332652373093,72,0.225
1956.8818672525633,71,0.225
1957.7613925666592,71,0.225
1958.1659321590985,72,0.225
1958.892435787429,73,0.225
1960.0107102377408,72,0.225
1961.907970522291,73,0.225
1963.8730265429429,74,0.225
1968.5225622915116,73,0.225
1969.1821148975944,73,0.225
1969.355177501101,73,0.225
1982.625049405257,74,0.225
1985.2038868648497,75,0.225
1989.3053422301614,74,0.225
1994.1883342251035,73,0.225
1996.0117250483918,72,0.225
1.5799275502969252,1,0.2
2.5198847952437093,2,0.2
4.561868221075395,1,0.2
4.641868766471919,1,0.2
10.057576910747587,0,0.2
10.086379695883908,0,0.2
14.025752299916007,1,0.2
16.894338352518837,0,0.2
19.77029930665457,1,0.2
19.933909782922072,0,0.2
20.07472010692054,0,0.2
21.519035441315232,0,0.2
23.75022882696114,1,0.2
29.564809265388618,2,0.2
33.03160379968077,3,0.2
35.62666481860214,2,0.2
37.98922789616373,1,0.2
38.392952750895006,1,0.2
39.013376753458694,0,0.2
40.4304686758932,1,0.2
42.109920972433294,2,0.2
46.906139380241065,1,0.2
48.05465953797801,0,0.2
49.26835703628971,1,0.2
49.77060770890434,0,0.2
50.80870740710385,0,0.2
51.50078533947136,1,0.2
53.289216737798434,0,0.2
56.35278486173319,1,0.2
57.70132621389619,0,0.2
57.90622527091579,1,0.2
58.89871933711368,0,0.2
59.28388586795149,0,0.2
59.32481109830122,1,0.2
60.514635428847626,0,0.2
63.609928974085314,0,0.2
64.1954872442746,0,0.2
66.34989602601121,0,0.2
68.20724019568551,0,0.2
68.41452359753016,0,0.2
69.3956789957208,0,0.2
69.44013901960471,1,0.2
70.88860648209828,2,0.2
71.05680902291796,3,0.2
75.67495451872027,4,0.2
77.55103085494503,3,0.2
85.97319433843634,2,0.2
86.38547645051393,2,0.2
88.55394017298833,1,0.2
96.04579078918795,2,0.2
96.25444331280634,1,0.2
97.46256318380507,2,0.2
103.21468230989149,1,0.2
103.68065184641718,1,0.2
104.72296326919484,2,0.2
107.39421055701196,1,0.2
109.92842677346535,2,0.2
117.44638828758158,1,0.2
120.29893203016871,0,0.2
122.33444692344108,0,0.2
123.03485343702849,0,0.2
123.72890643250162,0,0.2
124.71266701925566,0,0.2
126.84458071095334,0,0.2
128.1448694738412,0,0.2
129.67222335002657,0,0.2
129.9106218930598,0,0.2
131.86641801890755,1,0.2
135.89384309936392,0,0.2
136.0578051812754,0,0.2
137.80163138270552,0,0.2
143.868473199144,0,0.2
145.02924843027563,0,0.2
149.49521906242916,1,0.2
151.00792165979234,2,0.2
155.91447248875332,3,0.2
156.076183864564,2,0.2
157.0246819711734,3,0.2
160.05576444502694,4,0.2
162.49267569429654,3,0.2
163.51631868940967,2,0.2
164.21778932012617,2,0.2
165.04187432481473,1,0.2
166.02287916742412,1,0.2
166.62706017450495,2,0.2
171.62517248136533,1,0.2
173.06887683170987,0,0.2
173.55380857480782,0,0.2
176.2305616404022,0,0.2
181.99334327883622,0,0.2
182.67051793451498,0,0.2
193.62089065624073,0,0.2
196.17426385328147,1,0.2
198.0123844583012,0,0.2
205.676451943271,0,0.2
208.7780039412354,0,0.2
208.8840154585932,0,0.2
208.89395818523477,1,0.2
211.20223041440792,0,0.2
213.1840064718448,1,0.2
213.26298162047814,2,0.2
214.59478451298753,1,0.2
215.36147435294305,2,0.2
220.14112816757728,1,0.2
222.95239868056348,0,0.2
223.70328309065798,1,0.2
226.8872730781281,2,0.2
227.1480711366004,1,0.2
234.91595189405126,0,0.2
235.37828269782975,0,0.2
235.85849981111815,0,0.2
237.61679380637096,1,0.2
239.68040896247658,0,0.2
243.70601135085346,0,0.2
245.46664598331355,0,0.2
248.89287697614012,0,0.2
249.4842511832454,1,0.2
254.26482317660384,2,0.2
254.35519810976305,1,0.2
255.5751889137316,2,0.2
256.28093481310555,1,0.2
256.4301063378131,2,0.2
260.053114080068,1,0.2
261.0346701803806,1,0.2
261.32846792900574,0,0.2
262.0535913760761,1,0.2
262.6780478178622,0,0.2
263.1761388074422,0,0.2
265.1858484040036,0,0.2
265.6884664518457,0,0.2
268.6786470185052,0,0.2
269.4907749287682,1,0.2
271.91316563798244,0,0.2
275.51693952156313,1,0.2
277.4444904338242,2,0.2
277.68739536402666,1,0.2
277.7842163453844,1,0.2
282.4063793951878,0,0.2
284.098996832719,1,0.2
284.6245669490566,2,0.2
291.0159194667273,1,0.2
294.1748457011996,0,0.2
297.47502958476286,0,0.2
300.3815043924457,0,0.2
315.27768154885536,1,0.2
316.16561484150486,0,0.2
316.1771968430353,1,0.2
316.1795333339658,2,0.2
319.10239901921045,1,0.2
322.1196508989428,2,0.2
323.6671545065569,1,0.2
324.911582505166,0,0.2
328.67875788061036,1,0.2
328.8394615754618,0,0.2
329.4540330497268,0,0.2
330.8935339261366,1,0.2
330.9028659612556,0,0.2
332.3299017381265,1,0.2
334.27066009042903,0,0.2
334.4998090232723,0,0.2
336.57474865327896,0,0.2
338.01131912676374,0,0.2
339.75329037215937,1,0.2
340.94849747629905,2,0.2
341.16617997499367,1,0.2
341.532571485231,2,0.2
349.07080670484066,1,0.2
352.5723988732836,2,0.2
352.5916645829621,3,0.2
353.35881802381425,4,0.2
354.7843996775543,3,0.2
357.4923081676888,2,0.2
359.42412388237403,1,0.2
360.88884996633635,0,0.2
362.1461402346699,0,0.2
366.01351494026613,0,0.2
366.38155341583695,0,0.2
366.64468505866023,1,0.2
367.4390245612881,0,0.2
367.45761699679144,0,0.2
374.03427028797125,1,0.2
375.39044240776184,2,0.2
376.1460791363413,3,0.2
377.31647600685244,4,0.2
378.37756134553774,3,0.2
378.48569004247963,4,0.2
380.4407356422801,3,0.2
382.44390765583324,2,0.2
382.86970326052113,3,0.2
384.62172323446055,4,0.2
386.16972630649224,5,0.2
386.8694073220144,6,0.2
389.9727421624193,7,0.2
390.0192582403853,6,0.2
393.1847832982076,5,0.2
395.4523563739305,6,0.2
397.07845213072034,7,0.2
397.24299336093696,8,0.2
398.7823194083364,9,0.2
400.5956061159236,8,0.2
400.8520891637384,8,0.2
401.98290937235,7,0.2
403.06477682296077,6,0.2
403.25083026050316,7,0.2
405.6092744399241,6,0.2
407.38678853099833,5,0.2
408.27664788562896,6,0.2
409.5316089074996,5,0.2
411.0148683874199,4,0.2
412.4434740709087,3,0.2
413.00606889557923,4,0.2
416.94599407306066,3,0.2
420.777976693565,4,0.2
421.39705201189116,5,0.2
422.18321151987055,4,0.2
426.2911955594746,5,0.2
426.31923757925745,4,0.2
433.2870011205912,3,0.2
435.03470275987655,4,0.2
435.049541866205,3,0.2
435.2145931126762,4,0.2
437.6819928621041,3,0.2
439.20565897991236,2,0.2
447.36459423855916,1,0.2
449.62577041368604,0,0.2
452.75927260825034,0,0.2
453.5049715094506,1,0.2
454.15761496501216,0,0.2
454.9764639256347,0,0.2
456.4538758644548,1,0.2
457.4062396895411,0,0.2
457.52634385620644,0,0.2
460.40395521313246,1,0.2
463.29592492252976,0,0.2
463.92218310244647,1,0.2
464.6162161698781,2,0.2
464.95891100376315,1,0.2
465.3315025185423,1,0.2
469.84705817721454,2,0.2
475.21727773780464,1,0.2
480.115790330688,2,0.2
481.4395034846661,1,0.2
482.6595219435725,2,0.2
486.8547323793146,1,0.2
487.4144554188417,1,0.2
490.8370347637101,2,0.2
494.15342049325113,3,0.2
496.29528345960085,2,0.2
496.52882301846705,2,0.2
497.5366050544584,3,0.2
499.5599200019536,4,0.2
505.32215996024865,5,0.2
511.11067145943355,6,0.2
512.6191374536073,7,0.2
515.0646547256117,6,0.2
515.5097951183167,6,0.2
518.1071335659426,7,0.2
518.9678186887187,6,0.2
521.1519640151323,5,0.2
521.9784722383661,5,0.2
522.7741101936136,6,0.2
524.9670488891541,5,0.2
527.1355673608238,4,0.2
528.0376295616848,5,0.2
532.0825973289956,6,0.2
532.6034779078108,7,0.2
534.7495166439058,6,0.2
540.0715820812823,7,0.2
540.8625220213654,6,0.2
546.9903723222122,7,0.2
547.4773284683424,8,0.2
547.6633100896181,9,0.2
552.0722273954904,8,0.2
552.3877148960695,8,0.2
553.3791565348891,7,0.2
553.7697875570304,8,0.2
553.787956528191,8,0.2
555.8184025667343,9,0.2
563.4695755344959,10,0.2
563.74555595466,9,0.2
564.0128594941925,9,0.2
566.2466719322168,8,0.2
568.2045393322035,7,0.2
571.9616815547025,8,0.2
575.0891916508929,7,0.2
575.2055293309691,7,0.2
575.8332986040704,7,0.2
576.1914397372141,6,0.2
581.3526566225681,5,0.2
582.5106707136651,4,0.2
583.204928591659,4,0.2
585.7916349235878,3,0.2
589.3370089481064,2,0.2
589.5064154300178,2,0.2
590.4235464219546,1,0.2
592.1055228106417,0,0.2
594.8784989471939,1,0.2
597.3972634557132,0,0.2
598.5607800027293,0,0.2
599.7138672727152,0,0.2
604.1440115589105,1,0.2
607.8123998059233,2,0.2
607.9786035041923,1,0.2
608.4254404456289,2,0.2
609.1411469670928,3,0.2
617.2304727256442,2,0.2
621.411826446169,3,0.2
621.6445641834102,2,0.2
625.1593684765575,1,0.2
633.8844188122671,0,0.2
634.3712754999334,1,0.2
635.4184003972155,0,0.2
636.7511614970789,0,0.2
638.5009680017437,0,0.2
642.6442816016888,0,0.2
644.1273913544128,1,0.2
646.9378178101665,0,0.2
650.068360193792,1,0.2
654.8349258683534,0,0.2
655.3854184714638,0,0.2
661.9338202750808,1,0.2
662.6352873674732,0,0.2
665.2354110259645,0,0.2
665.5505969460764,0,0.2
667.709485574893,0,0.2
670.5063949198617,1,0.2
671.2137718486954,2,0.2
674.6230463627452,1,0.2
675.1117008214012,2,0.2
675.7171858224773,1,0.2
675.9973919747971,1,0.2
678.1535937933546,0,0.2
678.8543059471635,1,0.2
681.0397482296248,2,0.2
683.1804633986268,1,0.2
686.133370703147,2,0.2
686.8431102099975,1,0.2
687.7781561097739,2,0.2
690.4492560626093,3,0.2
693.3608072734033,2,0.2
694.9686020956341,3,0.2
697.568778650135,4,0.2
698.2191978226576,5,0.2
698.2990639846241,4,0.2
700.4810785639,3,0.2
701.7600852687866,2,0.2
702.1270361747922,3,0.2
702.2147739371824,3,0.2
703.5045027302369,2,0.2
709.8254845096507,1,0.2
710.1684539414674,2,0.2
710.8776606101211,3,0.2
713.0509954139222,4,0.2
716.785767834615,5,0.2
716.8801917840258,4,0.2
720.6125676255483,3,0.2
728.6305983529425,2,0.2
729.766275292778,1,0.2
733.0159230262632,2,0.2
733.7618390571632,1,0.2
734.0743731193354,2,0.2
738.1387421831151,3,0.2
738.3591768741976,2,0.2
739.3355391531679,2,0.2
740.5178539436987,1,0.2
741.6199379488022,2,0.2
742.5543168011304,3,0.2
744.3275941332208,2,0.2
747.5633689646702,1,0.2
747.5737885771574,1,0.2
748.7308605257771,0,0.2
772.4529375212396,0,0.2
772.4600334211659,0,0.2
772.5739632571351,0,0.2
774.575863350959,0,0.2
775.3470445867122,1,0.2
775.4691368693298,1,0.2
777.6888597738476,2,0.2
784.5961906424174,3,0.2
787.7907728917309,2,0.2
788.4057563059688,2,0.2
789.4238511677097,1,0.2
791.4858235553721,0,0.2
794.7285440817204,0,0.2
797.3655065729864,1,0.2
797.7893640163337,0,0.2
800.5334611131034,1,0.2
802.3629227426022,2,0.2
804.6330393297454,1,0.2
805.1427100656482,2,0.2
805.2348300361649,2,0.2
805.6231323317493,2,0.2
810.8497584901855,1,0.2
810.955976680751,1,0.2
811.6667616597141,1,0.2
812.7191188835113,2,0.2
813.6559986419905,1,0.2
818.2614383172086,0,0.2
822.0358386459029,0,0.2
826.4095686520876,0,0.2
827.2061752699739,1,0.2
828.3078865060526,0,0.2
830.7145402579279,0,0.2
832.859019817175,1,0.2
833.3093386211264,0,0.2
835.8233028296318,0,0.2
839.0499724632124,1,0.2
845.6613327908756,2,0.2
847.9764385559472,1,0.2
853.6800737393153,0,0.2
855.3470997378951,1,0.2
856.2340996440865,0,0.2
858.1344542724449,0,0.2
858.6847662001726,1,0.2
858.9888086036502,1,0.2
859.8332258121895,0,0.2
865.283882688202,0,0.2
866.8772505215804,1,0.2
867.1947588036859,2,0.2
868.4124416238384,3,0.2
870.9573853281245,4,0.2
871.1739247920564,3,0.2
872.2017831685347,4,0.2
872.4124171700416,3,0.2
873.3787066500175,3,0.2
874.5625820009886,2,0.2
874.8882645310822,3,0.2
874.9417958802494,3,0.2
877.0314446360342,2,0.2
877.8176988942292,2,0.2
879.2611212791618,1,0.2
880.2118583593693,2,0.2
880.4310289606641,3,0.2
882.8901802339296,2,0.2
883.361878242904,2,0.2
884.1960819178793,1,0.2
885.2156428923458,0,0.2
886.3629480584904,1,0.2
890.0330615729214,0,0.2
890.7406028809182,0,0.2
892.324353391517,1,0.2
894.2731310293744,0,0.2
897.9304013072896,1,0.2
905.005921333118,2,0.2
906.8435498407172,3,0.2
911.2710054432464,4,0.2
915.0774546092979,5,0.2
915.8519529050587,4,0.2
917.4141547243704,5,0.2
918.5579674194793,4,0.2
919.7997261403001,3,0.2
921.1269491592158,2,0.2
925.8335215534138,3,0.2
926.6042193474566,2,0.2
928.575173683299,1,0.2
930.404211548325,0,0.2
930.6880136597238,1,0.2
931.571753828925,2,0.2
931.8595817427528,1,0.2
935.9475018207063,0,0.2
935.9927103141407,0,0.2
936.6431465748691,1,0.2
938.1399058002763,2,0.2
939.5057595076096,1,0.2
940.0768933817753,1,0.2
940.0946575838075,2,0.2
940.3697157833155,2,0.2
942.0570756331562,3,0.2
943.38548986924,2,0.2
946.2492322495109,3,0.2
949.040394045933,4,0.2
949.0426518448043,3,0.2
951.4200325080952,4,0.2
953.2247044164334,3,0.2
956.1447430831049,4,0.2
957.6825093065723,5,0.2
958.2113127234213,4,0.2
958.6819108405306,5,0.2
959.5943954761581,6,0.2
960.1519572394049,5,0.2
960.2387708666885,6,0.2
960.408655988638,7,0.2
962.0316068905296,8,0.2
963.5583407291376,9,0.2
967.924491935481,10,0.2
970.2307200365184,9,0.2
970.6808569401431,9,0.2
971.2940016107741,8,0.2
972.2405465065905,8,0.2
977.6133730616358,7,0.2
978.5344731392859,8,0.2
978.9953995190504,7,0.2
980.7096016638802,6,0.2
981.0287762915704,6,0.2
981.1492142108992,6,0.2
981.1635749572429,6,0.2
982.4789622968898,5,0.2
982.9272098814317,6,0.2
983.7751286099463,5,0.2
985.7039698004896,4,0.2
986.2275599391411,5,0.2
994.4521408215322,4,0.2
995.7311975242823,3,0.2
996.3814056196368,4,0.2
996.8466952194448,5,0.2
1002.9500384091231,6,0.2
1005.1441386083129,5,0.2
1007.683345506932,4,0.2
1009.8411361952383,3,0.2
1010.3073657753445,4,0.2
1011.1408026379703,5,0.2
1011.3085097750993,6,0.2
1014.8955783131598,5,0.2
1016.3142227762642,4,0.2
1017.1743077077283,4,0.2
1020.0385127060933,5,0.2
1029.2648840415636,6,0.2
1033.6542048249573,5,0.2
1037.995090343997,6,0.2
1038.307614229835,7,0.2
1039.2148180878219,6,0.2
1040.827444725972,5,0.2
1042.7640005235187,6,0.2
1043.977005102787,5,0.2
1051.6106682067707,4,0.2
1052.8121744059495,3,0.2
1052.9592351457854,4,0.2
1054.145896327741,3,0.2
1056.8767295981668,4,0.2
1057.6133517105422,5,0.2
1058.4168702995476,6,0.2
1059.5596257317145,5,0.2
1061.6000426406088,6,0.2
1062.1953437931086,5,0.2
1063.3313112567894,4,0.2
1071.1516367816662,5,0.2
1071.4290863366564,6,0.2
1071.9066349275279,7,0.2
1074.6040530892246,8,0.2
1076.6038222951174,7,0.2
1077.3689390000234,8,0.2
1078.9498234465814,9,0.2
1083.36564265491,8,0.2
1083.8731780763856,8,0.2
1085.7253029344304,7,0.2
1090.2293036791896,8,0.2
1090.4675647062418,9,0.2
1094.3187784535128,8,0.2
1095.4098749233228,9,0.2
1099.8242235898288,10,0.2
1101.6866930420204,11,0.2
1103.1321275289574,12,0.2
1103.7600497892543,11,0.2
1105.6819836507061,10,0.2
1112.7864080378795,9,0.2
1118.830917506641,8,0.2
1120.8373399518282,7,0.2
1120.951428082017,7,0.2
1121.0761893504534,7,0.2
1121.5643223693714,8,0.2
1125.3201666533766,7,0.2
1125.6821119819008,7,0.2
1126.737030352802,6,0.2
1130.8756814110147,5,0.2
1131.2407277311538,6,0.2
1131.5834884732851,7,0.2
1135.8631566586992,6,0.2
1136.236550147573,6,0.2
1136.2476637241703,7,0.2
1137.5037075419398,6,0.2
1137.9138674467033,6,0.2
1140.2972960914933,7,0.2
1140.644624790312,8,0.2
1143.4912212857325,7,0.2
1143.9644259416143,7,0.2
1146.822104810545,6,0.2
1147.0246459411173,7,0.2
1147.7863210105386,7,0.2
1150.549953915718,6,0.2
1152.4052626986304,5,0.2
1153.8828558602838,4,0.2
1154.0147894837883,5,0.2
1154.1093482005144,5,0.2
1155.220952870701,6,0.2
1155.6440847972472,5,0.2
1157.7533125166442,4,0.2
1158.6012851326634,4,0.2
1160.8956074538667,5,0.2
1161.0529396813208,4,0.2
1161.5250033712791,5,0.2
1163.8719509038203,4,0.2
1174.4235188637037,3,0.2
1176.4041144152764,2,0.2
1177.2385181345544,2,0.2
1179.3255607330407,3,0.2
1183.006402114715,4,0.2
1185.3258575429174,5,0.2
1188.0840163926207,6,0.2
1188.320795864495,7,0.2
1195.293270592973,6,0.2
1197.476966967289,5,0.2
1198.2520893647343,6,0.2
1198.5896971557831,5,0.2
1199.9996132130111,4,0.2
1201.2929117898036,3,0.2
1201.6659762294607,3,0.2
1206.2256143018876,2,0.2
1206.3342036620536,2,0.2
1207.1525658442697,2,0.2
1208.1614336157973,3,0.2
1208.2265823466998,4,0.2
1210.6118415790856,5,0.2
1211.0616790724605,6,0.2
1215.0094730997546,7,0.2
1216.9352825900824,8,0.2
1219.9212728751518,7,0.2
1230.3592673579742,8,0.2
1233.4983030664105,7,0.2
1240.7534047497925,8,0.2
1241.4189775589587,7,0.2
1242.8571243122742,6,0.2
1243.1178310536498,7,0.2
1246.320793717394,6,0.2
1249.1693221362357,7,0.2
1262.1289082894375,8,0.2
1263.7622826727436,7,0.2
1265.6640400707838,6,0.2
1270.4931635787852,7,0.2
1272.0112207667644,8,0.2
1272.7849337626103,9,0.2
1272.995189681405,8,0.2
1278.1589465219154,7,0.2
1279.4441181341608,6,0.2
1280.0037437566175,7,0.2
1283.7426221330795,6,0.2
1285.5648580120846,5,0.2
1290.373174736072,6,0.2
1292.893840185171,7,0.2
1297.3611833259524,6,0.2
1301.426811073277,7,0.2
1301.515805122869,8,0.2
1303.1282026908536,7,0.2
1303.7517479811768,8,0.2
1305.9117400231307,7,0.2
1309.3717253468099,8,0.2
1309.7448975932186,7,0.2
1311.2850898231786,6,0.2
1313.013512223958,7,0.2
1313.2265452100928,6,0.2
1319.063637640898,5,0.2
1319.3706783549096,6,0.2
1320.41290684221,7,0.2
1321.707017275786,6,0.2
1323.7258301860852,7,0.2
1325.421901693792,6,0.2
1327.4723100026838,5,0.2
1327.8300368191833,6,0.2
1328.3192189948245,6,0.2
1328.382612061527,7,0.2
1328.8716068168028,6,0.2
1331.3287571388037,7,0.2
1332.5394610105418,8,0.2
1333.2520045549832,7,0.2
1334.30914658624,6,0.2
1341.0550139823417,7,0.2
1345.741122094746,6,0.2
1348.4001063730761,7,0.2
1348.8864288219331,6,0.2
1350.4656394979236,5,0.2
1350.6153926821917,5,0.2
1353.7678198930885,4,0.2
1353.7821998920228,4,0.2
1356.1738278682378,5,0.2
1356.5296196097427,6,0.2
1360.7478922420885,5,0.2
1370.4105957611619,4,0.2
1373.4111184489827,3,0.2
1373.899785205131,4,0.2
1374.7435356911524,3,0.2
1376.3906730168096,2,0.2
1378.40870973449,3,0.2
1381.877978984015,2,0.2
1382.334787952312,3,0.2
1383.5364397886133,2,0.2
1383.906909619937,3,0.2
1385.2422276808563,2,0.2
1387.0686422399756,1,0.2
1387.3564337017644,1,0.2
1388.7978649599452,0,0.2
1391.5992957305277,1,0.2
1393.7408362950155,2,0.2
1393.921957857972,1,0.2
1394.5832271083093,2,0.2
1405.3427167768837,3,0.2
1406.090971043116,4,0.2
1406.2568409261185,5,0.2
1408.3740033620506,6,0.2
1408.3865051584546,7,0.2
1411.1846801772126,6,0.2
1411.2441655483487,6,0.2
1411.769292026222,6,0.2
1412.516796455428,5,0.2
1413.1913541473666,6,0.2
1414.192927806831,5,0.2
1415.7691086734728,6,0.2
1416.0950032840474,7,0.2
1416.9956697353846,8,0.2
1418.302809236061,7,0.2
1422.1951927180899,6,0.2
1425.4533989959252,5,0.2
1431.3991657961733,4,0.2
1435.5142810245363,3,0.2
1438.2340057420886,2,0.2
1444.6432528046673,1,0.2
1444.7718355333377,1,0.2
1445.503148779874,1,0.2
1448.9031841568246,0,0.2
1451.3987377770998,1,0.2
1452.4051914447787,2,0.2
1455.6574818372512,1,0.2
1461.4377883568902,0,0.2
1466.9218160939797,1,0.2
1467.031089265226,2,0.2
1469.0583105924168,1,0.2
1472.0386647596654,0,0.2
1472.2037241964415,0,0.2
1472.6863377729653,0,0.2
1474.7771786851579,1,0.2
1476.530351283345,0,0.2
1479.75616002279,1,0.2
1483.4923803527556,2,0.2
1485.8170845174411,3,0.2
1486.9252461545611,4,0.2
1487.1788307039153,5,0.2
1487.4104690134254,4,0.2
1488.227647156743,4,0.2
1488.4988520818913,5,0.2
1494.3572619730737,6,0.2
1496.4003171227505,5,0.2
1498.0128411608025,4,0.2
1499.1450619345687,5,0.2
1503.0377283380894,6,0.2
1505.4224824809814,7,0.2
1505.5059064463535,6,0.2
1505.5350002964385,7,0.2
1509.0759577282172,6,0.2
1510.4198938762283,5,0.2
1511.043511902095,5,0.2
1512.6129314345633,4,0.2
1512.8851474120959,4,0.2
1518.0875165933512,5,0.2
1518.8696298011896,4,0.2
1519.8443826526698,4,0.2
1519.8990429209412,5,0.2
1521.070147050889,4,0.2
1524.9432469565177,3,0.2
1525.5142953090403,4,0.2
1528.741340882736,3,0.2
1528.7757328350685,3,0.2
1528.98173470852,3,0.2
1529.3488342646626,4,0.2
1531.6990114188213,3,0.2
1533.547842525003,2,0.2
1534.1608012039123,3,0.2
1534.5590304201335,2,0.2
1534.6595763203754,2,0.2
1535.1495792928083,2,0.2
1536.184824074339,3,0.2
1536.2908813157333,2,0.2
1538.78260552197,1,0.2
1541.72973252764,0,0.2
1542.1207373261534,0,0.2
1543.1449548980336,1,0.2
1545.7135469924992,0,0.2
1549.0348126392819,1,0.2
1550.3715337158785,2,0.2
1554.8299657075438,1,0.2
1558.6618508044598,0,0.2
1559.179561271391,0,0.2
1559.5187849749727,0,0.2
1560.882815254365,1,0.2
1561.778612425651,0,0.2
1562.6006648045138,1,0.2
1564.4356388661245,2,0.2
1564.799390833352,3,0.2
1568.0641460345742,4,0.2
1569.3884465003819,3,0.2
1574.2693687008443,2,0.2
1575.9231998377768,1,0.2
1580.527808569888,2,0.2
1583.9866962409076,3,0.2
1595.5744882434506,4,0.2
1597.549753510469,5,0.2
1602.64722254902,6,0.2
1613.843621293509,5,0.2
1614.2265984665719,5,0.2
1616.7739925332178,4,0.2
1617.4986366665987,4,0.2
1619.4037693992873,3,0.2
1619.790326592725,3,0.2
1620.0453443822753,4,0.2
1621.340515399391,5,0.2
1621.3644247796115,6,0.2
1622.0226595571605,5,0.2
1624.6289493777738,4,0.2
1624.7876529350474,5,0.2
1630.4699579546743,4,0.2
1631.8727063370575,3,0.2
1633.61405207728,4,0.2
1638.1517152514305,3,0.2
1638.5780533195375,3,0.2
1643.024692040367,4,0.2
1645.6160526660362,5,0.2
1647.5180148519257,4,0.2
1648.8383967107166,3,0.2
1652.4528681848371,2,0.2
1653.128747892516,3,0.2
1658.1232978139365,2,0.2
1660.2083768289529,3,0.2
1660.3369757671942,4,0.2
1662.0277254305142,3,0.2
1666.7605145482585,2,0.2
1667.0382564671268,3,0.2
1669.34879070475,2,0.2
1669.87868499511,2,0.2
1670.04830494555,2,0.2
1671.396473979012,3,0.2
1675.4813804419632,2,0.2
1676.7809411926746,1,0.2
1678.8149789562851,0,0.2
1680.2023680586635,1,0.2
1681.749659517821,0,0.2
1684.113905557694,0,0.2
1686.0964990577402,1,0.2
1686.85712040682,2,0.2
1688.351450906814,1,0.2
1691.2961631998116,0,0.2
1691.8966383780614,0,0.2
1694.0786632354982,1,0.2
1696.5838771080585,2,0.2
1699.9232468215755,3,0.2
1701.5945237496023,2,0.2
1701.9729522152015,2,0.2
1703.2238267348432,3,0.2
1710.660164427759,4,0.2
1711.688817391856,5,0.2
1713.5272208254144,4,0.2
1714.756739852267,3,0.2
1716.7230724511962,2,0.2
1719.1439007433387,1,0.2
1722.4533766415718,2,0.2
1728.870785011926,3,0.2
1731.3383389669068,4,0.2
1732.3540251453837,3,0.2
1732.6929239816907,4,0.2
1735.340934374625,5,0.2
1737.9011809343958,4,0.2
1743.4348657996707,3,0.2
1744.945150535767,2,0.2
1745.9776222145765,3,0.2
1747.1899131665714,4,0.2
1749.9680887034287,3,0.2
1750.8684487848216,4,0.2
1751.762423696853,3,0.2
1752.3238513142207,4,0.2
1752.5795573416017,5,0.2
1752.9465211844752,4,0.2
1754.8032233259153,3,0.2
1754.8156311698278,3,0.2
1756.9868848290487,2,0.2
1758.0142186053633,1,0.2
1758.9455022103994,1,0.2
1767.1008430241536,0,0.2
1770.9641233577288,0,0.2
1774.19771499486,0,0.2
1774.85812021133,0,0.2
1774.9860530617918,1,0.2
1776.93315000754,0,0.2
1781.5977755333283,0,0.2
1783.3607248053863,0,0.2
1783.4526834689034,1,0.2
1784.0429601434712,1,0.2
1785.8209898036628,0,0.2
1787.518827627704,0,0.2
1788.623239113961,0,0.2
1788.6884567411844,1,0.2
1789.019166600375,2,0.2
1790.0966981868412,3,0.2
1791.4625375753208,2,0.2
1792.8089807509994,1,0.2
1795.247194560779,0,0.2
1795.3168653170385,0,0.2
1797.9002449535024,0,0.2
1798.004033412709,1,0.2
1802.7646344027073,0,0.2
1805.0873981176599,0,0.2
1811.412504475745,0,0.2
1811.7937467970576,0,0.2
1816.195163907967,1,0.2
1818.2545747974145,0,0.2
1819.6064755599898,0,0.2
1820.2891790524868,0,0.2
1825.9111367349108,1,0.2
1828.3519237852065,2,0.2
1832.6933151340393,1,0.2
1833.7734550648654,0,0.2
1834.1404143742525,0,0.2
1834.7237250054154,0,0.2
1835.3501825493622,0,0.2
1837.0287391229508,0,0.2
1838.987618471557,0,0.2
1840.0931542481603,0,0.2
1840.527448286835,0,0.2
1842.581202895762,1,0.2
1843.4954783575208,2,0.2
1847.2332457011073,3,0.2
1849.500319117992,2,0.2
1851.0578209902346,3,0.2
1854.6051253793353,4,0.2
1856.4975942460924,5,0.2
1856.6345725579185,4,0.2
1857.2273075344501,4,0.2
1857.4564371298225,5,0.2
1859.8130147061654,6,0.2
1866.986691034045,5,0.2
1871.9563884291479,4,0.2
1877.795650338538,5,0.2
1878.1034553208278,6,0.2
1879.976391181667,5,0.2
1885.3839788583718,4,0.2
1885.7235648292888,4,0.2
1886.0407910569927,4,0.2
1890.6772265605925,5,0.2
1895.6556330373037,4,0.2
1896.420472745422,5,0.2
1896.5967062247787,5,0.2
1896.9993234945496,4,0.2
1897.1579964027671,4,0.2
1898.3517312745869,3,0.2
1903.3342136065203,4,0.2
1906.8655846629624,3,0.2
1907.0679283885543,3,0.2
1907.6259131528202,4,0.2
1907.82341750143,5,0.2
1910.0315824145039,4,0.2
1912.0417600397668,5,0.2
1912.6544993960265,4,0.2
1914.257348038227,3,0.2
1914.40685743872,4,0.2
1917.259241874507,5,0.2
1920.3735876801181,4,0.2
1920.4426673811638,4,0.2
1921.7972838875528,3,0.2
1932.6641473212026,2,0.2
1942.6589153461416,1,0.2
1943.838767323644,2,0.2
1952.428133730887,3,0.2
1952.85981776199,4,0.2
1954.1739718724307,3,0.2
1954.8083422806233,4,0.2
1955.7367369344115,3,0.2
1959.411632064265,2,0.2
1960.1014099958572,2,0.2
1961.0632883177373,1,0.2
1962.628677317709,0,0.2
1964.0399295723705,0,0.2
1964.1911876000902,0,0.2
1966.0911345304721,0,0.2
1968.717855863059,1,0.2
1969.7488508495455,2,0.2
1970.0076911411743,3,0.2
1970.8598204302602,2,0.2
1971.6769098790392,2,0.2
1971.9522529354776,1,0.2
1976.221414104665,2,0.2
1977.6968119689186,1,0.2
1981.5951798517997,0,0.2
1981.8776575487398,0,0.2
1983.6988245477282,0,0.2
1984.3187446034458,1,0.2
1986.267835779577,2,0.2
1987.4355556752935,1,0.2
1987.8075083492272,2,0.2
1993.8220128459773,3,0.2
1.0348329296741703,1,0.175
2.2847884446595765,0,0.175
3.8948294815454325,1,0.175
14.465504292488621,2,0.175
15.786923296999898,1,0.175
16.06352293978778,1,0.175
17.107213142198603,0,0.175
18.638254446226576,0,0.175
19.503230284641724,0,0.175
19.65739594128223,0,0.175
19.99111954378617,1,0.175
22.319120125613953,0,0.175
23.9715033525753,1,0.175
24.24066525191542,0,0.175
25.440516659709914,1,0.175
27.38116902938005,0,0.175
29.470480124090468,0,0.175
35.44659153047817,1,0.175
36.95072991126956,2,0.175
38.056479333911575,1,0.175
41.23001079050564,0,0.175
42.473024411156736,0,0.175
44.55442507052055,1,0.175
46.11176455710144,0,0.175
46.8038656496074,0,0.175
47.181667044702195,0,0.175
50.688987653699414,0,0.175
51.55372453866654,0,0.175
51.862171791651036,0,0.175
52.12848450874799,0,0.175
52.70424938260404,1,0.175
53.08970404884561,0,0.175
55.30742831754773,1,0.175
55.8287491426744,0,0.175
57.321419075352196,0,0.175
57.86046874626889,1,0.175
59.40884671844628,2,0.175
64.46757992546,1,0.175
68.65325551534492,2,0.175
69.3167059221479,1,0.175
70.93383301208333,0,0.175
71.80406837950116,0,0.175
72.09845034963018,1,0.175
72.2986501117164,2,0.175
73.48134755593492,1,0.175
73.95744913831302,1,0.175
76.14376162759744,0,0.175
76.15280584937317,0,0.175
76.88221700333213,0,0.175
81.48308051193256,0,0.175
83.2225716483064,0,0.175
83.37520394053452,1,0.175
88.2734374839851,2,0.175
88.66882419109913,1,0.175
91.76380593772572,2,0.175
97.678294484842,1,0.175
100.59612269158363,0,0.175
102.49435933943928,0,0.175
104.18185469227085,0,0.175
105.38636212006763,1,0.175
106.16955433139121,0,0.175
106.32738254442421,1,0.175
106.38655619890267,2,0.175
106.7162460321871,3,0.175
108.96539209205943,4,0.175
114.76563134098599,3,0.175
115.13969475436923,3,0.175
116.12513753632606,2,0.175
121.83207189990925,3,0.175
123.49604763894011,4,0.175
123.6490592123721,3,0.175
127.50956135966484,2,0.175
128.23084281116425,2,0.175
133.50660914797152,3,0.175
136.6662724484197,2,0.175
137.62429267888544,3,0.175
138.27608808470816,4,0.175
139.42699537726747,3,0.175
139.66925485088447,3,0.175
140.02158192166357,3,0.175
140.0598906805984,3,0.175
140.2711564947494,3,0.175
141.34617591236008,2,0.175
144.63773006655998,1,0.175
150.76783271302816,0,0.175
156.9251439526204,0,0.175
161.65201162355442,0,0.175
163.6810492339356,0,0.175
165.17981331913728,0,0.175
168.06130113120827,0,0.175
169.20780480432074,0,0.175
169.61866231724562,0,0.175
172.97684095229553,0,0.175
174.73381753109683,0,0.175
178.03386012745915,0,0.175
180.43584288069147,1,0.175
181.44035532855884,2,0.175
181.60650093085655,1,0.175
181.72889450877167,1,0.175
181.81437405147466,1,0.175
184.12676798580307,2,0.175
184.975359923553,1,0.175
187.69739606294118,0,0.175
189.35160650320094,1,0.175
194.15532350554642,2,0.175
194.36023705872424,3,0.175
196.21587344229076,4,0.175
196.65932636130992,5,0.175
201.35194318523205,6,0.175
201.8162013860627,5,0.175
204.56305533977886,4,0.175
205.9304813950476,3,0.175
206.12929011140798,3,0.175
206.31024055039822,4,0.175
206.88894318358973,5,0.175
208.3857255761648,6,0.175
209.12565413106756,5,0.175
209.50133845188265,5,0.175
211.1981689788244,4,0.175
214.0563424848461,3,0.175
216.24891076484545,2,0.175
217.87789788738954,1,0.175
221.2496172203104,2,0.175
223.79964912253504,3,0.175
225.18832904474672,4,0.175
227.74760507623841,3,0.175
228.17295035038538,3,0.175
228.66474063986288,2,0.175
230.01329091764688,3,0.175
237.1485078651324,4,0.175
240.1943337862116,5,0.175
243.0094250520492,6,0.175
246.33463738171358,7,0.175
250.36664016064486,6,0.175
253.7240702030385,7,0.175
254.00678236526943,6,0.175
255.88690958001627,5,0.175
258.7418399842045,4,0.175
260.63419438472346,5,0.175
262.5716505684393,4,0.175
267.7448688800585,3,0.175
268.2947001211887,4,0.175
272.2280774473316,3,0.175
274.0728606679239,4,0.175
274.51953868305844,3,0.175
274.573485818877,4,0.175
276.51870399255665,3,0.175
276.83493401765423,3,0.175
278.0974605103116,2,0.175
288.67864055625614,1,0.175
289.4357499390166,2,0.175
292.0739977747179,1,0.175
294.2609006508425,2,0.175
295.4696916609189,1,0.175
298.39144328106613,2,0.175
298.43764365975716,1,0.175
298.6285889542005,2,0.175
298.63888769406026,2,0.175
302.73074153620985,1,0.175
304.1235450537835,0,0.175
304.71032534645747,0,0.175
305.8980754851325,0,0.175
309.40430500451754,0,0.175
309.5359170721401,0,0.175
313.05305730641834,0,0.175
316.20341482687405,1,0.175
319.02798622126414,2,0.175
321.36990057300636,1,0.175
322.9149587364563,0,0.175
326.44445132547406,1,0.175
329.4560289676055,2,0.175
329.5753140158867,1,0.175
345.2646940602779,0,0.175
345.4529647947134,1,0.175
347.33279444586657,2,0.175
349.9952107384204,1,0.175
357.5861821148996,0,0.175
358.1050630530298,1,0.175
358.2682316861366,1,0.175
361.626965761417,0,0.175
363.4759173374699,0,0.175
363.86024757988406,0,0.175
364.04473447071376,0,0.175
366.0664149791675,0,0.175
368.0094812233416,1,0.175
370.0110758445704,0,0.175
372.97617587107953,0,0.175
377.0630831812178,1,0.175
378.83503255967264,0,0.175
378.9095563659655,1,0.175
379.9772170250724,0,0.175
382.3925198464029,0,0.175
383.9071151879702,0,0.175
390.0517183360647,1,0.175
392.3953047064486,0,0.175
392.6093544971471,0,0.175
393.5210631023679,0,0.175
396.19633026905046,0,0.175
401.0243238352825,0,0.175
407.7232398082237,1,0.175
409.204999094875,0,0.175
413.1832754309295,0,0.175
414.2779753225159,0,0.175
414.7835136202446,1,0.175
416.6885056020708,0,0.175
416.89872597099105,1,0.175
416.9937168579021,1,0.175
425.8074111118705,0,0.175
426.0843369803702,0,0.175
427.2794557068836,1,0.175
428.2114042903684,2,0.175
432.1775628425809,1,0.175
432.2788675041371,1,0.175
432.6529687298761,0,0.175
432.7531018933613,0,0.175
435.1408744054296,1,0.175
435.52476026601886,2,0.175
435.9033741370734,1,0.175
439.56979674727927,2,0.175
439.8183699545125,1,0.175
443.1057352718098,0,0.175
444.49863496989906,1,0.175
446.7094974321108,0,0.175
446.8139714063493,1,0.175
453.0829964842487,0,0.175
456.0767006467117,0,0.175
458.7374978363663,1,0.175
458.8928329887355,2,0.175
459.7466299862065,1,0.175
460.4633778547642,2,0.175
463.04894427144274,3,0.175
464.0077268983944,2,0.175
464.4926751066827,3,0.175
469.5423628518104,4,0.175
479.1186410780541,3,0.175
481.83074712854085,4,0.175
485.68146694247514,3,0.175
487.28758484899765,4,0.175
492.02942792985067,3,0.175
494.8089520511534,4,0.175
495.90153626903725,3,0.175
501.56737751434076,4,0.175
503.2198947617507,5,0.175
503.94483889089713,4,0.175
503.9928502373707,4,0.175
509.5592061496776,5,0.175
513.0463599563166,4,0.175
514.0232242484319,4,0.175
515.196338327707,5,0.175
516.6608020135445,6,0.175
517.4692441093338,5,0.175
518.4528597668981,6,0.175
519.7863157171311,5,0.175
522.5411357295824,6,0.175
527.0800397032998,5,0.175
527.7077011270114,5,0.175
528.0624848835708,5,0.175
528.9344957944031,4,0.175
530.6220897607499,3,0.175
531.1660102802656,4,0.175
533.1335451346835,3,0.175
533.4145224847597,4,0.175
534.5872906027856,5,0.175
534.9985884473454,4,0.175
536.8355185820211,5,0.175
539.0186783636756,4,0.175
539.1746344009915,4,0.175
539.8943661680714,4,0.175
543.125936298919,5,0.175
553.829919343073,6,0.175
554.0842146828727,7,0.175
554.7983215853283,6,0.175
555.4908090303356,6,0.175
558.919383163879,7,0.175
560.4833390124047,6,0.175
562.3944083606126,5,0.175
566.9425371346032,4,0.175
567.090798272977,5,0.175
571.5851659730938,6,0.175
574.2520026535781,7,0.175
577.4437254222967,6,0.175
577.7574622249665,6,0.175
580.7134167463646,5,0.175
581.4019653027956,6,0.175
586.1827180092716,7,0.175
586.4129194722008,6,0.175
587.9634109643633,5,0.175
589.0787801363809,4,0.175
590.229197605071,3,0.175
594.7116676419034,2,0.175
596.5863234782863,1,0.175
598.4278302136369,0,0.175
600.4553940764197,0,0.175
601.3784153722823,1,0.175
603.4152401603243,2,0.175
604.4793392600362,1,0.175
604.981503043308,1,0.175
607.9354554420723,0,0.175
609.776625693813,0,0.175
611.1645274043979,0,0.175
612.5165603247515,0,0.175
613.5002646246761,1,0.175
613.7621085361609,0,0.175
614.2506049047915,1,0.175
616.509814426725,0,0.175
616.9772595675427,1,0.175
618.855492715921,0,0.175
622.1263745906431,0,0.175
627.0144340347688,1,0.175
629.9747889417312,2,0.175
634.4517709612343,3,0.175
635.2417078187331,2,0.175
635.6851157937422,2,0.175
638.4954918266973,3,0.175
640.6923218361545,2,0.175
641.8856494623127,1,0.175
644.3727434503738,2,0.175
647.6443449229233,3,0.175
656.3046582427849,2,0.175
656.7966776824863,2,0.175
659.1130469077658,1,0.175
661.1411562205733,2,0.175
661.198878217279,3,0.175
664.451798051929,2,0.175
665.9959554767203,1,0.175
668.352350310295,0,0.175
673.2659352722353,0,0.175
675.5639209892834,0,0.175
678.9638858897468,1,0.175
682.0396961793391,0,0.175
683.6670431871476,1,0.175
683.8028186138662,0,0.175
686.1144449232074,0,0.175
687.3158593597028,0,0.175
688.4787062533717,0,0.175
690.0292281697273,0,0.175
691.1430616592024,1,0.175
691.7352837312711,0,0.175
697.4626403650745,0,0.175
698.873180140955,1,0.175
704.8820878141116,2,0.175
706.4223170780472,3,0.175
706.4781955212663,2,0.175
707.1874198128468,2,0.175
708.3205954103853,3,0.175
711.0700425140772,2,0.175
711.9493000508123,2,0.175
712.6294129132419,3,0.175
713.3482890020531,4,0.175
714.2934584173175,5,0.175
715.727468381339,4,0.175
718.5433037665614,3,0.175
719.3359670392828,3,0.175
721.5672003434759,2,0.175
723.2302065757581,1,0.175
723.613927371554,2,0.175
724.8316920535174,3,0.175
724.9858220301231,2,0.175
727.324313066802,3,0.175
728.131104660832,2,0.175
734.4551987884925,1,0.175
735.426227571295,2,0.175
736.674303146508,3,0.175
737.1336908157051,2,0.175
738.8277998495316,1,0.175
740.2789404085764,0,0.175
740.4405693074716,0,0.175
741.9388956734404,0,0.175
742.80492718109,0,0.175
753.3044197762597,0,0.175
763.5146128901002,0,0.175
763.7712198781282,0,0.175
766.185696322895,0,0.175
768.4624904596195,1,0.175
768.6186712470674,2,0.175
769.018357491106,1,0.175
769.3095145214298,1,0.175
772.4944679653697,0,0.175
772.9068567750412,0,0.175
773.5456539992441,0,0.175
776.4175756718308,0,0.175
778.5012574135083,0,0.175
779.2402590289338,1,0.175
779.5232986671515,2,0.175
781.9706387582136,3,0.175
782.5269912231047,2,0.175
782.8565822239274,3,0.175
783.7764470305084,2,0.175
789.0896252737451,3,0.175
790.1546736107379,2,0.175
793.5825749209334,3,0.175
793.7373897338022,2,0.175
795.5036926637623,3,0.175
796.7615961860645,2,0.175
809.8294858303589,3,0.175
810.5164791260447,2,0.175
815.1613680827662,3,0.175
817.0878400779324,2,0.175
819.2363785021619,3,0.175
819.666575861323,2,0.175
824.2950044620591,1,0.175
826.3233370820539,0,0.175
829.0061911632533,0,0.175
830.456527884767,1,0.175
830.9484571452164,2,0.175
832.061124169098,3,0.175
834.14499315128,2,0.175
834.8175321156996,3,0.175
835.4176186592455,4,0.175
835.7760152471982,5,0.175
836.7926225082407,4,0.175
838.6664687701689,3,0.175
840.2277807678529,4,0.175
840.6071058336296,5,0.175
841.2443739086891,6,0.175
841.6471329061256,5,0.175
844.2135716438335,4,0.175
844.3495070432942,4,0.175
846.1956609745306,3,0.175
846.5530405537947,2,0.175
850.7042976624957,1,0.175
852.1094426140353,0,0.175
852.1966238748419,0,0.175
852.6763321700897,1,0.175
854.2737185369663,0,0.175
860.5847619034523,0,0.175
860.7441213710061,0,0.175
864.6525475157446,0,0.175
866.0633204931022,0,0.175
868.3051689666092,0,0.175
877.8542360400987,0,0.175
878.4090725985131,0,0.175
883.5310135576356,0,0.175
883.5311838809702,0,0.175
885.6825292689896,0,0.175
887.2313764228518,1,0.175
888.948362427284,0,0.175
892.9245478936678,0,0.175
893.3507339520181,1,0.175
896.7660365514824,2,0.175
898.5814612334557,1,0.175
898.8280202732976,1,0.175
900.3803200813171,0,0.175
904.0041290590428,0,0.175
904.3334343328886,1,0.175
905.1228446506469,0,0.175
907.942903468732,0,0.175
910.2327721327216,0,0.175
914.575258481447,0,0.175
918.2177667870475,1,0.175
919.2124472819041,2,0.175
919.6469625423709,1,0.175
924.3542918334173,2,0.175
929.331972026999,3,0.175
933.8803882280475,4,0.175
935.0391298199452,3,0.175
935.9345647394684,4,0.175
936.2420976435849,3,0.175
938.4977099421249,4,0.175
939.6343622603544,3,0.175
940.261582064182,3,0.175
940.8075972757003,2,0.175
942.0959745399498,1,0.175
942.1358614955872,1,0.175
943.6459647446917,0,0.175
946.4422545345868,1,0.175
949.9498547828746,0,0.175
950.6592742809007,0,0.175
951.3874545281845,0,0.175
954.3784703241952,0,0.175
954.9069792452817,0,0.175
957.1326884896633,0,0.175
957.9176737529164,0,0.175
958.0112967132895,0,0.175
960.1617467335979,1,0.175
964.031988961294,2,0.175
965.702586103889,3,0.175
968.5193154087891,4,0.175
969.264779426974,3,0.175
972.7878155636348,2,0.175
975.7476711632477,3,0.175
976.1569622614309,4,0.175
977.5311080792723,3,0.175
982.539923913937,2,0.175
987.9880081355994,3,0.175
988.1385421526289,2,0.175
988.6398342962492,3,0.175
991.7705571949695,2,0.175
993.6852307149004,3,0.175
995.1613740369231,2,0.175
996.4805682982635,1,0.175
997.7576741258733,0,0.175
1002.0918775812331,1,0.175
1008.7691903165983,0,0.175
1011.2106621849563,0,0.175
1014.4250132011423,0,0.175
1022.8613559254329,1,0.175
1023.0125752669637,0,0.175
1023.5505117570184,0,0.175
1024.4287793452042,0,0.175
1024.630769912709,1,0.175
1024.7139455267709,1,0.175
1024.872750129777,2,0.175
1026.076375900361,1,0.175
1029.7282139793583,2,0.175
1032.799048657713,1,0.175
1033.1221001993385,1,0.175
1036.2947435839703,2,0.175
1037.1182685445033,1,0.175
1038.7115043988756,0,0.175
1042.783453608305,0,0.175
1043.9774435214315,0,0.175
1046.8397311997926,1,0.175
1048.287046513218,2,0.175
1049.5001069468865,3,0.175
1050.3299357117926,4,0.175
1051.1053198574702,5,0.175
1052.779552620109,6,0.175
1054.364669675117,7,0.175
1056.5440870854286,6,0.175
1056.6515455871238,7,0.175
1056.702190258283,8,0.175
1057.394503356075,8,0.175
1058.2364123586872,9,0.175
1061.2028413194012,10,0.175
1067.0204345508496,9,0.175
1070.0387619027533,8,0.175
1074.9520472656563,7,0.175
1074.992135988909,7,0.175
1075.0820480256373,8,0.175
1076.6174154906773,9,0.175
1077.5421974195574,8,0.175
1080.6468791234458,7,0.175
1080.728662092313,7,0.175
1081.51899896115,7,0.175
1083.086187101662,8,0.175
1085.7362856343627,9,0.175
1087.5968221111827,8,0.175
1088.251736884478,8,0.175
1089.4226732818913,7,0.175
1093.2279077869875,6,0.175
1094.4037501064763,7,0.175
1099.4306331611015,8,0.175
1100.9363399105894,7,0.175
1101.664966042108,7,0.175
1106.1843698873454,8,0.175
1107.3095298500984,9,0.175
1107.4033553831441,8,0.175
1107.9813138480242,9,0.175
1108.9895540539328,8,0.175
1109.4272237474156,8,0.175
1109.5144975862631,9,0.175
1110.0796090826736,8,0.175
1110.639167915965,8,0.175
1112.1508279995476,9,0.175
1115.85859598698,8,0.175
1116.152120356273,8,0.175
1116.2747233117557,8,0.175
1116.9684146726156,7,0.175
1118.9152077821975,6,0.175
1119.7728514981986,7,0.175
1120.8492772781733,8,0.175
1121.6629109007745,9,0.175
1123.0009022927202,10,0.175
1124.519813713924,11,0.175
1128.3995793788342,10,0.175
1129.6178971112106,11,0.175
1133.4657267033142,12,0.175
1135.9488012989461,11,0.175
1137.2618879672743,10,0.175
1137.815449538317,10,0.175
1148.257759772921,11,0.175
1150.7064914941793,12,0.175
1151.1661645907031,11,0.175
1152.516540603289,10,0.175
1153.820731961439,11,0.175
1154.8494830949812,10,0.175
1155.6066235502278,11,0.175
1157.5561619138819,10,0.175
1161.5549521600742,9,0.175
1163.630376088128,10,0.175
1167.4219147822698,9,0.175
1169.445683190201,8,0.175
1169.993211672899,9,0.175
1170.5360298331254,8,0.175
1175.7609002098288,7,0.175
1179.9564930317154,6,0.175
1181.046817025302,7,0.175
1181.7065354037456,6,0.175
1183.218762372298,7,0.175
1183.2666583030386,8,0.175
1186.1659274689728,9,0.175
1187.0122076354194,10,0.175
1188.4489735692807,9,0.175
1188.8804824940348,9,0.175
1192.6002822928003,8,0.175
1193.340034262722,9,0.175
1197.0371192339944,8,0.175
1199.1077404444861,7,0.175
1200.047792575771,7,0.175
1201.1113266306045,6,0.175
1202.4452656001195,5,0.175
1203.3290679498061,6,0.175
1203.4282396562392,6,0.175
1205.8819678839295,5,0.175
1207.049587896976,4,0.175
1208.5493330786155,3,0.175
1209.3915395455865,2,0.175
1211.6157081369881,3,0.175
1214.7621841395799,2,0.175
1216.656618661753,1,0.175
1217.3249797252427,1,0.175
1217.9985527663257,2,0.175
1220.2501351076116,3,0.175
1222.2293736721367,2,0.175
1226.2172548690914,1,0.175
1228.7677479889971,0,0.175
1234.7185191505744,0,0.175
1239.7542479450292,0,0.175
1242.1706682649963,0,0.175
1243.0958313067458,0,0.175
1245.1051809027067,1,0.175
1247.278996161025,0,0.175
1249.3146586965936,1,0.175
1253.0631812570748,0,0.175
1253.3418550307226,1,0.175
1253.672124162211,2,0.175
1253.9367281807517,3,0.175
1254.482822177811,2,0.175
1260.8607730136341,1,0.175
1263.9396053936034,0,0.175
1264.6110066715717,1,0.175
1265.2498930768006,2,0.175
1265.3651993461633,1,0.175
1269.4421581565546,2,0.175
1270.5220046793604,1,0.175
1270.7045429912603,1,0.175
1270.844762572212,1,0.175
1271.9826138641686,0,0.175
1272.524851085029,0,0.175
1273.3688828403615,1,0.175
1276.3072833908886,0,0.175
1276.7182011169948,0,0.175
1277.721037992436,0,0.175
1281.2954063804066,0,0.175
1284.4073907008128,0,0.175
1287.16570879442,0,0.175
1290.6757439504142,0,0.175
1296.8882527444998,0,0.175
1299.0800955817924,0,0.175
1299.384273318179,1,0.175
1299.587922535721,1,0.175
1301.622600064311,0,0.175
1306.1286821373658,1,0.175
1309.9524526250866,0,0.175
1318.7866087355603,1,0.175
1320.139022785953,0,0.175
1322.5166510007675,0,0.175
1323.2794619571305,1,0.175
1324.1972161828676,2,0.175
1326.3418825616977,3,0.175
1328.691099850133,2,0.175
1331.6530431879671,3,0.175
1334.3939920504017,2,0.175
1337.7959090974753,1,0.175
1342.3086128166767,0,0.175
1343.979041016178,0,0.175
1350.1564549050408,1,0.175
1350.6361765167233,2,0.175
1353.187341314205,3,0.175
1353.903903835616,4,0.175
1354.7162733363068,3,0.175
1355.7123691389445,3,0.175
1366.7388798807497,2,0.175
1368.4213497782005,3,0.175
1370.52501087573,2,0.175
1370.968558684176,2,0.175
1373.5664741932417,1,0.175
1375.4134750778228,0,0.175
1377.1469069665086,1,0.175
1377.2720630242502,2,0.175
1379.7410389061263,1,0.175
1382.4893397155815,2,0.175
1390.2268297533371,1,0.175
1390.7610188418803,1,0.175
1392.6036196061827,2,0.175
1393.42063612343,1,0.175
1394.1779645068705,2,0.175
1394.187796900513,3,0.175
1397.3117466033766,4,0.175
1398.707424510577,5,0.175
1405.8051854202995,6,0.175
1405.995914893974,5,0.175
1408.0161669814074,4,0.175
1408.1313320581294,4,0.175
1408.8675873894867,4,0.175
1413.2081289555001,3,0.175
1414.8236367092784,2,0.175
1415.717975721017,3,0.175
1415.8130172586286,3,0.175
1415.8542325133205,2,0.175
1416.9688752780082,1,0.175
1418.8035013743076,2,0.175
1422.147769071892,3,0.175
1422.3528121271474,2,0.175
1428.3551992550058,1,0.175
1431.3912724971938,2,0.175
1434.562461837475,3,0.175
1435.6924071502426,2,0.175
1436.0121463457526,2,0.175
1437.1172473243792,1,0.175
1439.6180081959046,2,0.175
1440.1951586934167,1,0.175
1442.9633922885803,0,0.175
1443.8395041735478,0,0.175
1449.1059216102726,0,0.175
1450.3630592878062,1,0.175
1452.525039181339,2,0.175
1452.9583755509436,3,0.175
1456.6369671551267,2,0.175
1457.3763371191185,2,0.175
1458.3503572083264,3,0.175
1459.41289328442,2,0.175
1459.7619744743915,2,0.175
1460.174809675649,2,0.175
1463.3360147463743,3,0.175
1466.964636565827,2,0.175
1467.869547785491,3,0.175
1468.1598868074893,4,0.175
1471.6048932081967,5,0.175
1472.8780601927801,4,0.175
1474.1454138719278,3,0.175
1474.4424748414458,3,0.175
1475.334715644438,2,0.175
1476.0718061961072,3,0.175
1476.1473831961162,4,0.175
1478.3424992084163,3,0.175
1478.7538603099529,3,0.175
1483.8960474329986,2,0.175
1485.3684660017948,1,0.175
1487.3972336458467,2,0.175
1489.4473004532279,1,0.175
1490.9130711387343,0,0.175
1493.0723215259525,0,0.175
1495.160518072987,0,0.175
1497.4606261068698,0,0.175
1497.5319842106735,1,0.175
1498.705275362983,0,0.175
1499.1159246154352,0,0.175
1499.5469842934328,1,0.175
1500.7054039983504,0,0.175
1505.1287893495717,1,0.175
1506.218139590072,2,0.175
1509.108897780581,1,0.175
1511.9480660390404,0,0.175
1512.5788096120887,0,0.175
1514.1006428515072,0,0.175
1515.7351184031547,0,0.175
1518.7367609214457,1,0.175
1519.5491538114702,0,0.175
1519.7962852356363,0,0.175
1520.0109989068035,0,0.175
1522.1336163192539,1,0.175
1523.2709871545171,0,0.175
1525.8748624759305,1,0.175
1527.7635376908493,0,0.175
1529.290084931278,1,0.175
1550.8961183302438,2,0.175
1552.7385189194938,1,0.175
1553.8497437332207,2,0.175
1554.0130780852385,3,0.175
1554.2500724800004,4,0.175
1556.461801584348,5,0.175
1556.8473891991625,4,0.175
1560.6048635483844,5,0.175
1560.740265868999,4,0.175
1562.7452853767832,3,0.175
1566.2327050444835,2,0.175
1569.1324261056986,1,0.175
1577.4097107715581,0,0.175
1580.3215292471202,0,0.175
1581.213646596247,1,0.175
1583.6824141643938,2,0.175
1583.7454979364063,1,0.175
1583.8891217073751,1,0.175
1584.2999079250847,1,0.175
1584.8168770007765,0,0.175
1585.2340665891393,1,0.175
1587.2293855577475,0,0.175
1587.4956327461805,0,0.175
1587.5776124329327,0,0.175
1587.6498889689365,1,0.175
1589.0821538266805,0,0.175
1590.778379524492,0,0.175
1591.3273856360934,1,0.175
1595.0271345232431,2,0.175
1598.8935444228966,3,0.175
1601.793837499207,4,0.175
1602.0345832602502,5,0.175
1603.631637032384,4,0.175
1605.31253053489,3,0.175
1610.01208713255,2,0.175
1626.5712784415741,3,0.175
1630.7421896724823,2,0.175
1631.4718743914957,2,0.175
1632.3447282747154,1,0.175
1633.507516365218,0,0.175
1633.6950432332192,0,0.175
1636.5477671497376,0,0.175
1638.1285396502672,0,0.175
1638.606883153016,0,0.175
1639.3163419225095,1,0.175
1645.7625117276154,2,0.175
1646.2155414121637,1,0.175
1654.3747794180395,0,0.175
1654.3937570380338,1,0.175
1655.1179221386083,2,0.175
1663.1062478841652,1,0.175
1663.585353640952,2,0.175
1664.9418440660784,1,0.175
1667.0793533187607,0,0.175
1667.7706257269776,0,0.175
1671.3991431348984,0,0.175
1673.1905670481094,0,0.175
1674.4820448423893,1,0.175
1674.5870594934545,0,0.175
1675.2975765879582,0,0.175
1678.328845816647,0,0.175
1678.4103590654838,0,0.175
1678.4231374350024,0,0.175
1680.1295374154054,1,0.175
1683.6709993429065,0,0.175
1684.790070893567,0,0.175
1684.940340830054,0,0.175
1685.5120180079414,0,0.175
1688.2361672581815,0,0.175
1691.00923560172,0,0.175
1694.3909524026215,0,0.175
1696.2537544599618,0,0.175
1698.5591292806787,0,0.175
1698.914336582272,1,0.175
1703.2242197569008,0,0.175
1704.1491822953367,0,0.175
1705.605044502403,1,0.175
1705.6875545615003,0,0.175
1705.6970684469088,0,0.175
1705.723946190312,0,0.175
1706.0678683571741,0,0.175
1709.1781416831184,0,0.175
1713.5020322769074,1,0.175
1714.4731049085824,2,0.175
1720.3456155364522,1,0.175
1721.2543261666547,1,0.175
1726.6443852055672,0,0.175
1730.6702096616498,0,0.175
1735.0102238370725,0,0.175
1735.0191969218129,0,0.175
1738.7403085587573,1,0.175
1740.8184492826097,2,0.175
1740.9527612731156,1,0.175
1742.8127477046405,0,0.175
1744.3218892507864,0,0.175
1745.6719355404161,0,0.175
1747.7188626868544,1,0.175
1751.846705314651,0,0.175
1752.9105802384706,0,0.175
1753.9717961037395,0,0.175
1754.2554623515814,0,0.175
1755.3210068730525,0,0.175
1756.2890724378417,0,0.175
1756.6753237612484,0,0.175
1756.7104459438676,0,0.175
1757.845597206657,0,0.175
1759.537181895506,0,0.175
1762.2391388313038,1,0.175
1762.8469350993703,2,0.175
1764.9028584800476,1,0.175
1766.7110802315615,0,0.175
1771.0714711910673,1,0.175
1772.8845690200194,2,0.175
1772.9920991092822,1,0.175
1774.6902140444154,2,0.175
1774.808747142875,3,0.175
1776.630068897185,2,0.175
1778.3531096564313,1,0.175
1781.100167386744,2,0.175
1786.7549606390166,1,0.175
1789.111552076574,0,0.175
1790.5853154664912,0,0.175
1791.081145361572,0,0.175
1794.0346937544728,0,0.175
1794.3879774716968,0,0.175
1794.6213104165627,1,0.175
1795.944548804459,0,0.175
1798.6379447851582,0,0.175
1801.836458184261,1,0.175
1805.3634727210047,0,0.175
1805.6419896714901,1,0.175
1806.5811335978663,2,0.175
1807.3386865957277,3,0.175
1812.0451623688352,2,0.175
1812.2962510076302,3,0.175
1813.366419016235,4,0.175
1814.599533235764,5,0.175
1818.2153509158425,4,0.175
1819.9300387457129,3,0.175
1819.9568501572367,3,0.175
1820.4271580956758,3,0.175
1823.0155198372076,4,0.175
1823.2492418123138,3,0.175
1828.5447028340589,4,0.175
1830.9982725459347,5,0.175
1837.1565545853828,4,0.175
1837.3636420694804,4,0.175
1842.7204194243286,5,0.175
1847.7967412443672,6,0.175
1852.8875449461243,7,0.175
1855.9755241212233,8,0.175
1857.026118494023,7,0.175
1859.33504321029,6,0.175
1860.4877368057275,5,0.175
1860.5401847093635,6,0.175
1861.0932698745078,6,0.175
1861.2588688619785,6,0.175
1864.6274628779713,7,0.175
1865.5488433739117,6,0.175
1866.190446346752,7,0.175
1866.204392920998,7,0.175
1866.9857041433236,6,0.175
1868.1474123621072,7,0.175
1868.7682890765275,6,0.175
1869.1342300286008,6,0.175
1869.3283165729629,6,0.175
1872.1951270981745,5,0.175
1873.5856423223308,4,0.175
1874.5872989207774,3,0.175
1874.8574929698743,4,0.175
1875.2343750751197,4,0.175
1875.8797263095205,5,0.175
1876.0832676025977,6,0.175
1876.6248936017344,5,0.175
1878.4651803533468,4,0.175
1880.967424990405,3,0.175
1882.6707155685879,2,0.175
1888.859043052167,1,0.175
1889.0478667052628,1,0.175
1890.48699194815,0,0.175
1891.0889984413816,1,0.175
1896.245130929017,2,0.175
1902.4119872262006,1,0.175
1904.8159323065643,0,0.175
1908.0811175801869,0,0.175
1909.5957985910277,1,0.175
1909.8229606924638,0,0.175
1911.1447389694663,0,0.175
1913.8468373807536,0,0.175
1914.768933136031,1,0.175
1915.4410271153938,2,0.175
1920.6170990040962,1,0.175
1923.4099522274053,2,0.175
1924.8775849352785,1,0.175
1926.730228709463,0,0.175
1929.6931770054064,0,0.175
1930.5631255388057,1,0.175
1934.9717507371824,0,0.175
1935.6958733240979,0,0.175
1936.9102920960966,1,0.175
1941.4928015340092,0,0.175
1947.5310565378538,0,0.175
1949.2064859102716,0,0.175
1954.382803929225,0,0.175
1955.9500107349436,0,0.175
1958.2002110321323,0,0.175
1961.1623959939589,1,0.175
1961.391149512969,0,0.175
1965.89900764868,0,0.175
1970.6095325680867,0,0.175
1972.0057669551413,0,0.175
1976.0950271887173,0,0.175
1978.968069144863,1,0.175
1984.3612890036434,0,0.175
1984.4308140249386,0,0.175
1985.7691793642475,1,0.175
1992.9252979980215,0,0.175
1994.2426200100385,0,0.175
1994.8490287118366,0,0.175
1997.2273721500742,0,0.175
1997.9304751334041,1,0.175
