time,height_delta,beta
0.17688261463474828,0,0.8
0.7224228026791157,0,0.8
0.7613882217513869,0,0.8
1.2389369143279183,0,0.8
1.294672724728045,0,0.8
1.3390206690731428,0,0.8
1.5062911696306012,0,0.8
1.5289876955046013,0,0.8
1.5918907165018423,0,0.8
1.7025199784662841,0,0.8
1.9340699703957183,0,0.8
2.144914299458338,0,0.8
2.2245696557180774,0,0.8
2.5714354801128176,0,0.8
2.607949987834863,0,0.8
2.663933622919657,0,0.8
3.876042777400571,0,0.8
3.945318116018618,1,0.8
4.176074712206483,1,0.8
4.306259064491064,1,0.8
4.3749823213213395,1,0.8
5.045323606329882,0,0.8
5.206041156698132,0,0.8
5.936956007903307,0,0.8
6.001568899648731,1,0.8
6.068984821521317,0,0.8
6.0752307516043915,0,0.8
6.141138255060532,1,0.8
6.246485955531612,1,0.8
6.294395871690117,1,0.8
6.38239932063662,2,0.8
7.015077963933547,2,0.8
7.091610146399863,2,0.8
7.167612085327527,2,0.8
7.3269464206439485,1,0.8
7.576476152782501,1,0.8
7.8413502000431965,2,0.8
7.888146893954867,2,0.8
8.140925616451494,2,0.8
8.153411957232093,2,0.8
8.413759036988358,3,0.8
8.84368940937251,3,0.8
8.979769609211061,3,0.8
9.249030862372715,2,0.8
9.286061557042993,2,0.8
9.430100431900419,2,0.8
9.494171353828541,2,0.8
10.2753175030888,2,0.8
11.1464983331931,2,0.8
11.934539255286175,3,0.8
12.392674918471306,2,0.8
12.656195875583627,2,0.8
12.99440963163817,3,0.8
13.101096696253917,3,0.8
13.145544098368802,3,0.8
13.231115029641144,3,0.8
13.41995265359104,4,0.8
13.686732560203968,4,0.8
13.71122547518482,4,0.8
14.084899169887683,4,0.8
14.146593377878094,4,0.8
14.554473949369182,5,0.8
15.19667546313327,4,0.8
15.536456432041547,5,0.8
15.649530891480753,5,0.8
15.913906479958985,6,0.8
16.005600632494513,6,0.8
16.054078557767863,6,0.8
16.228220551665324,6,0.8
16.452026609331885,6,0.8
16.929746550399354,6,0.8
17.10862044234697,7,0.8
17.118736889077002,7,0.8
17.207812334421156,6,0.8
17.391037250268365,7,0.8
17.43301875262395,8,0.8
17.48069618256405,8,0.8
17.62947485832394,9,0.8
17.683020411703023,10,0.8
17.96530615640677,10,0.8
18.286518405646355,10,0.8
18.492605652377602,10,0.8
18.555370589784125,10,0.8
18.584013962849678,11,0.8
18.70846697491917,11,0.8
19.147857640533534,11,0.8
19.270005045257783,10,0.8
19.36098144883397,10,0.8
20.08780197369646,10,0.8
20.886698205390356,10,0.8
21.71858757580567,11,0.8
22.46435997599101,12,0.8
22.58208230866589,13,0.8
22.656458516311076,12,0.8
22.818095316956818,12,0.8
23.16782123431593,12,0.8
23.432243500484454,12,0.8
23.9410104465403,12,0.8
23.97423427536061,12,0.8
24.00681079831772,12,0.8
25.391548829441426,13,0.8
25.5307591330727,12,0.8
25.74889261711675,12,0.8
25.994466422258974,12,0.8
26.176157138889398,13,0.8
26.387296550606802,13,0.8
26.73208712860813,13,0.8
26.77990700548578,13,0.8
27.04432040840897,13,0.8
27.742013879211633,12,0.8
27.861577258729305,12,0.8
28.044253694254635,12,0.8
28.228932459208288,12,0.8
28.826315089037866,12,0.8
28.89313464808054,13,0.8
29.475448292234297,13,0.8
29.780324745623037,12,0.8
29.923273271792354,13,0.8
30.1303149533168,13,0.8
30.138697467041197,13,0.8
30.583311730065564,13,0.8
30.813647902215806,13,0.8
31.013383036340453,13,0.8
31.038026763525593,13,0.8
31.164768791797677,14,0.8
31.620259772713027,13,0.8
32.451783743105395,13,0.8
33.17594486868721,13,0.8
33.19619999813566,13,0.8
33.79593102205224,13,0.8
33.815331580695066,13,0.8
34.14509729196482,13,0.8
34.222778679587805,13,0.8
34.34863844513547,14,0.8
34.454536330163265,14,0.8
34.56979257428177,15,0.8
35.298325640771544,14,0.8
35.70953145620252,14,0.8
36.09697898825062,15,0.8
36.27794611125946,15,0.8
36.32121498350108,15,0.8
37.136932272191046,16,0.8
37.35008709877887,15,0.8
37.38485712440311,16,0.8
37.55637892155553,16,0.8
37.6526900909446,16,0.8
38.10796374459175,16,0.8
38.35448501634363,16,0.8
38.8294095935973,16,0.8
39.07090304091668,16,0.8
39.758690547546905,15,0.8
40.26449036176121,15,0.8
40.973928524807235,15,0.8
41.640351543364936,15,0.8
41.67494211349714,15,0.8
41.79732301449225,15,0.8
42.04789157305732,15,0.8
42.05987571423501,15,0.8
42.47605676062114,15,0.8
43.06832758739814,15,0.8
43.51114248013529,15,0.8
43.694219986475204,15,0.8
43.76126066997399,16,0.8
44.15361331497429,16,0.8
44.399549530025375,15,0.8
44.5103408022658,15,0.8
44.541569626792196,15,0.8
44.70037552065093,16,0.8
44.84168444259452,16,0.8
45.0998632488632,16,0.8
45.17933779709812,16,0.8
45.3548772456283,16,0.8
45.55343772394527,16,0.8
45.66410155537172,16,0.8
45.68352489663252,16,0.8
45.970166562348815,17,0.8
46.37493771381739,18,0.8
46.590655116733075,19,0.8
46.59405809920776,19,0.8
46.618038893344504,19,0.8
46.95289594206292,19,0.8
47.87817882049062,18,0.8
48.20008807980734,18,0.8
48.254363863361206,18,0.8
48.261079310748066,18,0.8
48.35577696271502,18,0.8
48.50962786052556,18,0.8
48.56657799578821,18,0.8
48.61552074341467,18,0.8
49.376054262001,19,0.8
49.43068714406798,18,0.8
49.53519211625363,19,0.8
49.71931801193339,19,0.8
50.32784057741303,19,0.8
50.50455344096234,19,0.8
50.514002069712824,19,0.8
50.89860980267845,19,0.8
51.2466659016343,19,0.8
51.4330412781863,20,0.8
51.51214213806826,21,0.8
51.62463180677329,22,0.8
51.84840166712656,22,0.8
52.12170671923336,22,0.8
52.1631563827737,22,0.8
52.50724549944212,22,0.8
52.54551409075085,23,0.8
52.6424557817404,23,0.8
52.889020800859335,23,0.8
53.63101265897319,23,0.8
53.82005766233223,23,0.8
53.903413622766514,22,0.8
53.90710921742997,22,0.8
53.96897651404217,22,0.8
53.9997994094523,22,0.8
54.05461942911785,22,0.8
54.098976514639006,23,0.8
54.390715825665616,23,0.8
54.53556301024427,23,0.8
54.618022028131676,24,0.8
55.11776030688354,24,0.8
55.24706740857753,25,0.8
55.729005247395726,25,0.8
55.894435998905664,25,0.8
55.90121420583954,25,0.8
56.69039148892133,26,0.8
56.81254873796744,25,0.8
57.1034628103432,25,0.8
57.35539560723877,25,0.8
57.77106523566888,24,0.8
57.89793489101397,24,0.8
59.25095862594299,24,0.8
59.32440864622857,24,0.8
59.394059487722565,24,0.8
59.76955678053411,24,0.8
60.007648810349124,24,0.8
60.11503706777859,24,0.8
60.58997155784143,24,0.8
60.70969958407928,24,0.8
60.86582545445096,25,0.8
60.89680806803099,25,0.8
61.490348178382504,25,0.8
62.07933522888363,26,0.8
62.292420073562695,26,0.8
62.41330095026914,26,0.8
63.174060540937155,27,0.8
63.294054765452564,28,0.8
63.432127626031445,27,0.8
63.46612654971999,27,0.8
63.55323746919845,27,0.8
63.65038709126071,27,0.8
63.67817439065577,27,0.8
64.05998063216987,27,0.8
64.43848986087137,28,0.8
64.68782363038548,28,0.8
64.97281231682429,29,0.8
66.07140636236903,28,0.8
66.21501959310913,28,0.8
66.36937736215744,28,0.8
67.72630646252942,28,0.8
67.92677376106549,28,0.8
67.94183202494114,28,0.8
68.40217674113589,29,0.8
68.78461549447181,29,0.8
68.8538863194974,29,0.8
69.62003099166627,29,0.8
70.04921765908554,29,0.8
70.73811722833459,29,0.8
71.00810225326427,29,0.8
71.13519808590853,29,0.8
71.69749791995437,28,0.8
72.05406079939362,28,0.8
72.11700850128231,29,0.8
72.12785092873811,29,0.8
72.33568671302028,30,0.8
72.6373199812748,30,0.8
73.30262720305251,30,0.8
73.56356271120184,31,0.8
73.74104041528402,32,0.8
74.52417276509898,31,0.8
74.72672126273103,31,0.8
75.0304551771068,30,0.8
75.28349378802879,30,0.8
75.59778634138925,30,0.8
75.60175517449015,30,0.8
75.68287517063358,31,0.8
76.5226941576954,31,0.8
76.53708666741016,31,0.8
77.51884515149226,31,0.8
77.59766275348572,32,0.8
77.66200327981043,33,0.8
77.67395509473376,34,0.8
77.7701260853571,34,0.8
77.9847982816675,34,0.8
78.40757179194709,34,0.8
78.50757691585852,34,0.8
79.35405208863278,33,0.8
79.69809154943381,33,0.8
79.9940970042008,33,0.8
80.25471481520468,34,0.8
80.85975392552763,34,0.8
81.56961469364087,34,0.8
81.581739929872,34,0.8
81.81098326527628,34,0.8
82.39712919685009,34,0.8
82.67971325735543,35,0.8
82.85189204582908,36,0.8
82.91497793468379,36,0.8
83.10920525271317,36,0.8
83.43736386782643,36,0.8
83.44938918898491,36,0.8
83.49648797386814,36,0.8
83.5987592466717,36,0.8
83.71386820427846,37,0.8
83.93557381470708,36,0.8
84.3418296377233,36,0.8
84.70490516472324,36,0.8
85.25674241073285,36,0.8
85.34798145389117,36,0.8
85.34881708840587,36,0.8
85.61647418954739,35,0.8
85.62198559817048,36,0.8
86.22068810015928,36,0.8
86.46451857695713,36,0.8
86.61116668355224,36,0.8
86.91320897800622,36,0.8
87.28034286366457,36,0.8
87.30169592242883,37,0.8
87.8491086347284,37,0.8
88.17375995083417,37,0.8
88.4760327340956,37,0.8
88.60056680644247,37,0.8
88.6364107287306,37,0.8
88.75078530832387,37,0.8
88.83920085461189,37,0.8
89.03669696174478,38,0.8
89.16722844002432,38,0.8
90.25773178962527,37,0.8
90.6089224945142,37,0.8
90.64891857395403,38,0.8
90.68597405614823,39,0.8
90.79770480312308,40,0.8
90.87320561748517,40,0.8
90.94482433761681,40,0.8
91.03955224844476,40,0.8
91.15012815179479,41,0.8
91.42771498539626,41,0.8
91.43749169817492,41,0.8
91.52446498504229,41,0.8
92.01564865484961,41,0.8
92.0626429489862,41,0.8
92.36439679478336,41,0.8
92.84821288262819,41,0.8
93.76093390340729,41,0.8
93.78987890811383,41,0.8
93.87325830954019,42,0.8
94.07298784448284,43,0.8
94.09443265394349,43,0.8
94.16826654400946,43,0.8
94.50665385385669,43,0.8
95.15080676344309,42,0.8
95.23351813214079,43,0.8
95.84499692610694,43,0.8
95.91653246494445,43,0.8
96.04008945917664,43,0.8
96.57812867647584,43,0.8
96.69076697012798,44,0.8
96.84464838745338,44,0.8
96.91477731214344,44,0.8
96.91652663173602,44,0.8
97.80247917999012,44,0.8
98.24261007838645,45,0.8
98.40182965298955,46,0.8
98.92286924400315,45,0.8
98.95423430295635,46,0.8
99.1993295674337,46,0.8
99.22024761403706,46,0.8
99.28022158005686,46,0.8
99.54263684287001,46,0.8
99.5859590072026,47,0.8
99.81431712697086,47,0.8
101.35022111903065,46,0.8
101.78336643705696,46,0.8
101.87124940774682,46,0.8
102.04007479960515,46,0.8
102.31006536384584,46,0.8
102.36017560345545,45,0.8
102.4297068841761,46,0.8
102.46241659730259,47,0.8
103.06051020051876,47,0.8
103.13983320733436,47,0.8
103.21281374437719,47,0.8
103.34563541898409,47,0.8
103.52625845805234,47,0.8
104.20075189026149,48,0.8
104.27665392425746,49,0.8
104.42061569554458,49,0.8
104.88078399824317,49,0.8
104.94137330246224,49,0.8
105.27677858362851,49,0.8
105.39413229466624,49,0.8
105.52154690304201,49,0.8
105.86385332596393,49,0.8
106.43808555351038,49,0.8
106.629378366997,50,0.8
106.82806525882974,50,0.8
106.87163093654262,50,0.8
107.02163142027072,50,0.8
107.91223175831318,50,0.8
108.1246246078893,50,0.8
108.4765403295855,50,0.8
108.64827995536733,49,0.8
108.98619267485057,49,0.8
109.2364990586814,49,0.8
109.42341912893117,50,0.8
109.47410211547653,50,0.8
109.5832476410987,50,0.8
109.88331836711635,50,0.8
110.35115725714564,51,0.8
110.51164876574231,51,0.8
110.59722563896584,50,0.8
110.6066770449652,50,0.8
111.7725767709872,50,0.8
111.92721296810903,50,0.8
112.43034031550583,51,0.8
112.65149872695963,51,0.8
113.67871257481599,52,0.8
113.73349539547117,51,0.8
113.84619902831635,51,0.8
113.958298172453,51,0.8
114.05650790190865,51,0.8
114.10918361095436,52,0.8
114.45263063076052,52,0.8
114.5489873710906,53,0.8
114.82795276279859,53,0.8
114.89642568267789,53,0.8
114.9161566102428,54,0.8
115.60747074773342,54,0.8
115.76332336574977,53,0.8
115.8585212504369,54,0.8
116.05453239597408,54,0.8
116.42368857649375,54,0.8
116.56942172463505,54,0.8
116.82434251684931,54,0.8
117.29582121810307,54,0.8
117.3957492511794,54,0.8
117.47247784659646,55,0.8
117.55449211690633,55,0.8
117.71180353487314,55,0.8
117.90242605854777,56,0.8
118.38716184136194,56,0.8
118.43708670421911,56,0.8
118.55519807265877,57,0.8
119.25942840261295,58,0.8
119.34767092682279,58,0.8
119.68768139422328,58,0.8
119.92071563792975,59,0.8
0.0032167456089101445,0,0.56
0.2918755942442413,0,0.56
0.5775297904486829,0,0.56
1.0999555497092155,0,0.56
1.1068109599907254,0,0.56
1.1423040533929472,0,0.56
1.3850270862701197,0,0.56
1.992068160570911,0,0.56
2.416975092645832,0,0.56
2.742587056798517,0,0.56
2.756866888458655,0,0.56
2.946109554320234,0,0.56
3.1245645800827146,0,0.56
3.363229532052872,0,0.56
3.6683105112891212,0,0.56
3.853973383527123,0,0.56
4.000901578601237,0,0.56
4.049294798401533,0,0.56
4.187907520516602,1,0.56
4.294693313152734,1,0.56
4.49445035571077,1,0.56
4.862550434857185,2,0.56
5.0669542152350076,1,0.56
5.221444219285464,1,0.56
5.705478204122222,2,0.56
5.730688819407972,2,0.56
5.801035398223691,2,0.56
6.211704128265458,1,0.56
6.9171587889000605,1,0.56
7.2205168556530035,1,0.56
7.711109183994848,1,0.56
7.970606845013411,1,0.56
8.078124167755234,1,0.56
8.223397808363883,0,0.56
8.541744643438363,0,0.56
8.7967112883528,0,0.56
8.995042812386313,0,0.56
9.491202550066832,0,0.56
9.61189734994941,1,0.56
9.72041305315463,1,0.56
9.792383641830886,1,0.56
10.107733380906462,1,0.56
10.776766737748865,0,0.56
10.96207324337211,0,0.56
11.181552097812387,0,0.56
11.386150910151105,0,0.56
12.130229723201388,1,0.56
12.366593076003515,2,0.56
12.580664897458488,1,0.56
12.979776513067733,1,0.56
12.994432869154647,1,0.56
13.052344917994409,1,0.56
13.564643026791007,1,0.56
14.166002680014367,1,0.56
14.37531726022224,1,0.56
14.44887110525342,1,0.56
14.496345168839655,1,0.56
14.65375035155973,0,0.56
14.880687496183945,0,0.56
14.933521281721461,0,0.56
15.148747942981082,0,0.56
15.149366686649364,0,0.56
15.265482790828669,0,0.56
15.274679748072144,0,0.56
15.893485414449941,0,0.56
16.06085433952545,0,0.56
16.109372745623453,1,0.56
16.27546930622367,1,0.56
17.205995153229566,2,0.56
17.677948811928797,1,0.56
17.813898113428447,1,0.56
17.899573072270076,1,0.56
18.005678644178552,1,0.56
18.127463674834814,2,0.56
19.077657486831143,1,0.56
19.236960045363375,1,0.56
19.491644008007977,1,0.56
20.710766796413107,1,0.56
21.16526457536766,0,0.56
21.240689299058907,0,0.56
21.300733118860762,1,0.56
21.888801187760574,2,0.56
21.9028138686623,2,0.56
21.992993701588077,2,0.56
22.00966520105492,2,0.56
22.415294064205586,2,0.56
22.488924502308674,2,0.56
22.526942901933076,2,0.56
22.54147759537521,2,0.56
22.863255652934228,2,0.56
23.377601220005165,1,0.56
23.923884462933845,2,0.56
24.17335021044521,2,0.56
24.65442136508717,2,0.56
24.759009545906046,2,0.56
24.812712659441992,1,0.56
24.87023205962438,1,0.56
24.883054161520306,1,0.56
25.019356581821455,1,0.56
25.103101815551856,1,0.56
25.399987702703793,2,0.56
25.403084523457483,2,0.56
25.635657004468886,3,0.56
25.756088753000014,3,0.56
27.28772168255602,3,0.56
27.43341084851586,4,0.56
27.486628138083947,3,0.56
27.922519959592453,3,0.56
28.03682985777466,3,0.56
28.271867788435387,4,0.56
28.805303631711965,4,0.56
28.919107270317692,4,0.56
29.27146541466389,5,0.56
29.337916187792924,5,0.56
29.380763689570532,6,0.56
29.546395276546352,5,0.56
29.686390194876058,5,0.56
30.012350821038645,6,0.56
30.14389121790529,6,0.56
30.173720901352407,6,0.56
30.664771270814004,6,0.56
30.66498674877828,6,0.56
30.94280539966932,7,0.56
31.239150152944486,7,0.56
31.310286536670286,7,0.56
31.542924792359074,7,0.56
31.839099743942654,6,0.56
31.844863279260505,6,0.56
32.13923888042583,6,0.56
32.166240645381805,6,0.56
32.59997945595046,6,0.56
32.640859750064344,6,0.56
32.72210858410982,7,0.56
32.75518683893119,7,0.56
32.89431560000557,7,0.56
33.23264394248295,7,0.56
33.29614976533523,6,0.56
33.62390801628988,6,0.56
34.32222881535862,6,0.56
34.83634386202498,7,0.56
35.06967362331325,7,0.56
35.13256669198181,7,0.56
35.92959852046709,7,0.56
35.99194596128275,7,0.56
36.175710151627534,7,0.56
36.48340606117862,7,0.56
36.51897653102793,7,0.56
37.295498633805536,8,0.56
37.324567175353614,7,0.56
37.3915531884864,7,0.56
37.55073733746114,7,0.56
37.85854971168996,7,0.56
38.50974152963645,7,0.56
38.58734105730684,7,0.56
38.636014939903724,7,0.56
38.87613697553079,7,0.56
39.11109970364625,7,0.56
39.19574996509438,7,0.56
39.27024354264731,7,0.56
39.29268771056768,7,0.56
39.8971097079913,7,0.56
39.95451038789595,6,0.56
40.317827692484364,6,0.56
40.62469915632563,5,0.56
40.6532749960306,5,0.56
40.70028176099196,5,0.56
40.70082935818181,5,0.56
40.756525914432544,6,0.56
41.129587958437284,6,0.56
41.2227722765048,6,0.56
41.31187300723021,6,0.56
42.69179948626994,6,0.56
43.1479281332451,6,0.56
43.38753485311839,6,0.56
43.48161973446333,6,0.56
43.706120289334926,5,0.56
43.78009070978514,5,0.56
44.20538242769112,5,0.56
44.27836278805776,5,0.56
44.333057357179776,6,0.56
44.39593490644369,6,0.56
45.276617415022066,6,0.56
45.36902454302279,6,0.56
45.452588641579034,6,0.56
45.54019388082414,6,0.56
45.72400530507725,6,0.56
45.86197663588905,6,0.56
46.4158536381651,6,0.56
46.42526909618527,5,0.56
46.68026144480362,6,0.56
46.97009890570103,7,0.56
47.15260307650534,7,0.56
47.225134001077215,7,0.56
48.14125271640557,7,0.56
48.37681381822607,7,0.56
48.546048248667155,8,0.56
48.71169086094685,8,0.56
49.28472009001942,9,0.56
49.85289562550137,8,0.56
49.970403745692664,8,0.56
50.17232207735972,8,0.56
50.38156171558454,8,0.56
50.797936487924986,8,0.56
50.97867408636972,8,0.56
51.03813634706276,8,0.56
51.213285824636756,8,0.56
51.66949677029721,8,0.56
51.76295275342661,8,0.56
51.97163729736083,9,0.56
52.13961322424617,8,0.56
52.3266901519428,8,0.56
52.45638407618502,8,0.56
52.46326919734277,9,0.56
52.795450636493214,10,0.56
53.38745749271335,10,0.56
53.4534214763421,10,0.56
53.721946115268395,10,0.56
53.98366711023116,10,0.56
54.0797902475356,10,0.56
54.48252912536263,10,0.56
54.710240125758325,10,0.56
55.97675570460931,9,0.56
56.41038174834902,9,0.56
56.45478558434772,9,0.56
56.72233641118517,10,0.56
56.79125300370102,10,0.56
57.39803448179976,10,0.56
57.469743441019105,10,0.56
57.5778306416602,11,0.56
57.677330421593396,11,0.56
58.08307213242544,10,0.56
58.460382361553535,10,0.56
58.564419370631846,10,0.56
58.589635019691286,10,0.56
58.8381676950779,11,0.56
58.890904613688654,12,0.56
58.94653002028287,12,0.56
59.298125142082704,12,0.56
59.46287245367368,12,0.56
59.81454487449127,12,0.56
61.05396094189362,11,0.56
61.39173054911404,11,0.56
61.420914125948755,11,0.56
61.74203711411233,11,0.56
61.8462517647024,11,0.56
62.04569611438183,11,0.56
62.133440112311426,11,0.56
62.459746490854684,11,0.56
62.73330622927305,11,0.56
63.2756029082795,10,0.56
63.3391391851549,10,0.56
63.45892811189094,10,0.56
63.71400002916149,10,0.56
65.0889697872812,10,0.56
65.34468315103139,9,0.56
65.40807486769774,10,0.56
65.55958987313717,10,0.56
66.13318134296803,10,0.56
66.14038134680733,10,0.56
66.84569932623965,10,0.56
66.89140625789267,10,0.56
67.00003970840616,10,0.56
67.10215545603724,10,0.56
67.52370621835593,10,0.56
67.70565607112562,10,0.56
67.85446235142776,10,0.56
68.06096573148473,10,0.56
68.64434429934433,10,0.56
69.22189859472795,10,0.56
69.25943753490617,10,0.56
69.46002061994844,10,0.56
69.5907147581465,10,0.56
69.60361221932631,10,0.56
69.61655321799788,10,0.56
69.71626340526751,10,0.56
69.71825057071607,10,0.56
69.77623848713473,11,0.56
70.34052847242484,11,0.56
70.5334978196359,11,0.56
70.60365024695263,12,0.56
70.60555380872796,12,0.56
71.70078540545771,13,0.56
73.26862237842741,14,0.56
73.34780840734606,13,0.56
73.5306636198445,13,0.56
73.71287519436866,13,0.56
73.88282733537757,13,0.56
74.28912527406516,13,0.56
74.37504704472447,13,0.56
74.47096771340846,13,0.56
74.48364449095449,13,0.56
75.02936502934531,13,0.56
75.20749717960821,13,0.56
75.30796384362549,13,0.56
75.31771283074394,13,0.56
75.50735965785863,13,0.56
76.13902545118137,14,0.56
76.33767439133777,14,0.56
76.57421151801715,14,0.56
77.2036047317437,14,0.56
77.49467199214784,14,0.56
77.5712889726271,15,0.56
77.91904804310164,15,0.56
78.09591803685434,14,0.56
78.37267322759291,15,0.56
78.49076709056936,16,0.56
78.56164999633023,16,0.56
78.68083001339517,16,0.56
79.24132621664303,16,0.56
79.24629811613741,17,0.56
79.50551390677981,17,0.56
79.69980127194518,17,0.56
79.90433791242826,17,0.56
80.00157470807407,17,0.56
80.45658979247109,17,0.56
80.56338352284658,17,0.56
80.66180882812941,17,0.56
80.6783714335078,17,0.56
81.49520056985999,17,0.56
82.15720068450179,17,0.56
82.38972420493921,17,0.56
82.40996127615297,17,0.56
82.72643483612242,17,0.56
82.94759008230095,18,0.56
83.00005075484886,18,0.56
83.15044091849126,18,0.56
83.22750295921666,17,0.56
83.63046513770273,17,0.56
83.76200655598689,17,0.56
83.84839741119731,17,0.56
84.02972482815589,17,0.56
84.32428649956273,18,0.56
84.56170294069817,18,0.56
84.56696463461378,18,0.56
84.57077865285706,18,0.56
84.83578229892186,18,0.56
85.20550398585165,18,0.56
85.83669720304071,18,0.56
86.00542256721775,18,0.56
86.256162706169,18,0.56
86.73357997776162,18,0.56
86.76185950610586,18,0.56
86.7626502947914,18,0.56
86.89527922106144,19,0.56
86.91651070609657,19,0.56
86.91836865452409,19,0.56
87.02487042232961,19,0.56
87.2154249887557,19,0.56
87.409084664882,20,0.56
87.72153733847964,21,0.56
87.81901597387456,22,0.56
88.29063867377917,21,0.56
88.31478329334287,21,0.56
88.48000456566258,21,0.56
89.3504177107419,21,0.56
89.8028534836674,21,0.56
89.80666151299901,21,0.56
90.78147562379321,21,0.56
90.78181110917906,21,0.56
90.99284913694383,21,0.56
91.09229531995175,22,0.56
91.146461224873,22,0.56
91.41714451167182,22,0.56
91.46914076299555,22,0.56
91.58888716451138,22,0.56
91.63892014874457,21,0.56
91.68487616306756,21,0.56
91.80810360096733,21,0.56
91.82278640055473,21,0.56
92.20534223163042,21,0.56
92.8210198412963,22,0.56
92.87640428958382,21,0.56
93.0029814452063,22,0.56
93.06019011713474,22,0.56
93.14889792004105,22,0.56
93.23860523944893,22,0.56
93.42145028384462,22,0.56
94.58016273481738,22,0.56
94.62960123372689,22,0.56
95.29748754501428,23,0.56
95.39529519549961,23,0.56
95.57047362346944,23,0.56
96.14539469645375,22,0.56
96.21587491721408,22,0.56
96.29028263940198,22,0.56
96.33548379099022,22,0.56
96.53055902268439,22,0.56
96.76385643821189,22,0.56
97.15140952652958,22,0.56
97.26821129420973,22,0.56
97.38844419395927,22,0.56
97.49422847411142,23,0.56
97.50018198829176,23,0.56
97.94535769247747,24,0.56
97.95042617068115,24,0.56
98.05056135416423,24,0.56
98.5353802002532,25,0.56
98.59837364577223,25,0.56
98.63878853504993,25,0.56
99.03799680133292,25,0.56
99.17656532174183,24,0.56
99.22143694716416,24,0.56
99.28030283518517,24,0.56
99.34100627568449,24,0.56
99.4756233350664,24,0.56
99.86293655564397,24,0.56
100.17585993746216,24,0.56
100.4099837101473,25,0.56
100.52111627721594,25,0.56
100.54979115183482,25,0.56
100.83023442517519,25,0.56
101.26798147397474,25,0.56
101.90093363876932,24,0.56
102.09339901514859,24,0.56
102.15525259988202,24,0.56
102.60851935603088,24,0.56
102.68445528136648,24,0.56
103.55814442077909,24,0.56
103.72627965474109,24,0.56
104.59001116377753,25,0.56
104.87817033336988,24,0.56
105.55536141962325,24,0.56
105.59302711603345,25,0.56
105.68061522050272,26,0.56
106.07535163252956,26,0.56
106.27633515687006,26,0.56
106.29650026283379,26,0.56
107.09215926436023,26,0.56
107.1120105965029,26,0.56
107.5213642441286,25,0.56
107.56035026283914,25,0.56
107.60481808117606,25,0.56
107.62737967072263,26,0.56
107.76154070950922,26,0.56
108.53548340996798,26,0.56
108.88455590332556,26,0.56
108.96720487767145,26,0.56
109.32033533493808,26,0.56
109.37193409780673,26,0.56
109.46809705139333,26,0.56
110.02649817776681,26,0.56
110.14933410738867,26,0.56
110.15383262177939,26,0.56
110.23541431618135,26,0.56
110.45660529360043,26,0.56
110.89228259696252,26,0.56
110.96725759704628,26,0.56
111.26919842158286,26,0.56
111.3830399976834,26,0.56
111.57303021645305,26,0.56
112.20178994107833,26,0.56
112.54054330209033,26,0.56
112.6031123603154,26,0.56
113.03504045972046,26,0.56
113.14251000265855,26,0.56
113.19101471941467,26,0.56
113.33743618368086,26,0.56
113.64930435782642,26,0.56
113.92434709491283,27,0.56
114.27857315133656,28,0.56
114.29069579439403,27,0.56
114.3980512037687,27,0.56
114.48663021466321,27,0.56
114.72032684102514,27,0.56
114.86803372325582,28,0.56
115.10669737094314,28,0.56
115.17438175321688,28,0.56
115.3252275272167,29,0.56
115.42581939821788,30,0.56
115.4466567903746,30,0.56
115.7574091657701,29,0.56
115.84196512039912,29,0.56
115.94788003951649,29,0.56
116.31936765375183,29,0.56
116.32522535741987,29,0.56
116.34272903152313,29,0.56
116.42543085855225,29,0.56
116.67840087560424,29,0.56
116.83855086391435,29,0.56
116.88545029699362,29,0.56
117.23158129191931,29,0.56
117.24619778792942,29,0.56
117.45896022911937,29,0.56
117.60550617303568,29,0.56
119.16418630729169,28,0.56
119.29986297507172,28,0.56
0.273279270311823,0,0.16
0.3459710581695026,0,0.16
0.5131891395542836,0,0.16
0.6404886173869424,0,0.16
0.689698739221045,0,0.16
1.4897373744403315,0,0.16
1.7185480489660039,0,0.16
2.1478976830916605,0,0.16
3.101096991990808,0,0.16
3.1804646255151106,0,0.16
3.335022338761069,0,0.16
3.7110902063207636,0,0.16
4.29883021969792,0,0.16
4.394641632912785,0,0.16
4.418274544770816,0,0.16
4.451831472627326,0,0.16
4.480822443720316,0,0.16
4.585214529900033,0,0.16
4.929328613594991,0,0.16
4.945330831777945,0,0.16
5.218071357171989,0,0.16
5.243817965298342,0,0.16
5.4271916892712575,0,0.16
5.491522609019882,0,0.16
5.554483739447402,0,0.16
5.586800208346512,0,0.16
5.74611104865649,0,0.16
6.238022553254975,0,0.16
6.482234721959665,0,0.16
6.64387740714576,0,0.16
6.852055217647318,0,0.16
6.934695292509061,0,0.16
6.935036811054097,0,0.16
8.12765246300803,0,0.16
8.193711812200709,0,0.16
8.328879258214739,0,0.16
8.361723271924635,0,0.16
8.601186084158233,0,0.16
8.692038796983937,0,0.16
8.747313818296664,0,0.16
9.544570013660731,0,0.16
9.722359635902292,0,0.16
10.352449666364432,0,0.16
11.126578815388322,0,0.16
11.687620479124542,0,0.16
11.855755858142846,0,0.16
11.890242197432897,0,0.16
11.929642635824724,0,0.16
11.941674477148831,0,0.16
11.984489852913278,0,0.16
12.350596437977883,0,0.16
12.48286812862813,0,0.16
12.852059962198142,0,0.16
12.955482355836454,0,0.16
13.314992231035198,0,0.16
13.482927852573097,0,0.16
13.552612772372543,0,0.16
13.72357330594411,0,0.16
13.882622408177783,0,0.16
13.963286328467497,0,0.16
14.225214595044827,0,0.16
15.568117513722475,0,0.16
15.898924859510357,0,0.16
15.936610043995412,0,0.16
16.147010796865043,1,0.16
16.35298757511324,1,0.16
16.42011555153642,1,0.16
17.010360775813528,0,0.16
17.033607044990788,0,0.16
17.2959243420613,0,0.16
17.453951225194515,0,0.16
17.460453970485567,0,0.16
17.738827135535434,0,0.16
17.887384551834405,0,0.16
18.03779493064541,0,0.16
18.038236500183142,0,0.16
18.368033740735832,0,0.16
19.04148887391612,0,0.16
19.12186282909269,0,0.16
19.20085104345047,0,0.16
19.337565716160128,0,0.16
19.556450939728805,0,0.16
19.787968005496914,0,0.16
20.091769303621664,0,0.16
20.388403623160517,0,0.16
20.396063160776528,0,0.16
20.464159547621822,0,0.16
21.313480234848843,0,0.16
21.572044771642737,0,0.16
21.627133234878443,0,0.16
21.75067832534177,1,0.16
22.411641635479903,0,0.16
22.707882721105243,0,0.16
22.8982106882408,0,0.16
23.16474228365389,0,0.16
23.655253469333463,0,0.16
23.710579411189258,1,0.16
23.986895519633254,1,0.16
23.991553424385046,1,0.16
24.241570220682338,0,0.16
24.61401541959577,0,0.16
24.655843036481876,0,0.16
25.403118642233252,0,0.16
25.427590617312525,0,0.16
25.42966219791036,0,0.16
25.469826551669367,1,0.16
25.830892732774398,1,0.16
26.446874944107975,1,0.16
26.513973294370206,1,0.16
26.53135648762079,1,0.16
26.841034373373752,0,0.16
26.851026475666544,0,0.16
27.18931716630201,0,0.16
27.300202078777726,0,0.16
27.71140036934757,0,0.16
27.811962541283833,0,0.16
27.91232376657399,0,0.16
27.965409415313747,0,0.16
28.007538999112096,0,0.16
28.64452037676378,0,0.16
29.079820033139274,0,0.16
29.275365976483766,0,0.16
29.382793954115048,0,0.16
29.48199586130983,0,0.16
29.53954121925905,0,0.16
30.417673090883394,0,0.16
30.595563924771874,0,0.16
31.057440929486752,0,0.16
31.078688809221127,0,0.16
31.40581110076385,0,0.16
31.441305120374608,0,0.16
31.491665684459566,0,0.16
31.732117797935498,0,0.16
31.7574637029748,0,0.16
32.710664524991174,0,0.16
32.727768506086385,0,0.16
33.181898275352594,0,0.16
33.413702437077404,0,0.16
33.54776182379624,0,0.16
34.066457631115284,0,0.16
34.28464309030893,0,0.16
34.57645963596812,0,0.16
35.25878520676565,0,0.16
35.35218571561167,0,0.16
35.38900760537528,0,0.16
35.54457843407696,0,0.16
35.913321661273834,1,0.16
35.99293983149314,1,0.16
36.23451758688553,1,0.16
37.04825207389097,0,0.16
37.19911936151912,0,0.16
37.429506085217064,0,0.16
37.66337376125093,1,0.16
38.64665871276412,0,0.16
39.35807386534022,0,0.16
39.82216663820815,0,0.16
40.087350803147935,0,0.16
40.087639353231104,0,0.16
40.13378322276058,0,0.16
40.18395885561403,0,0.16
40.38348190995144,0,0.16
40.61045037974159,0,0.16
41.04135714090671,0,0.16
41.37283758174795,0,0.16
41.68547662007075,0,0.16
41.960479196717095,0,0.16
42.03510785221106,0,0.16
42.101095709272386,0,0.16
42.45660550224733,1,0.16
43.49192052470403,0,0.16
43.58236634759843,0,0.16
43.65730584819042,0,0.16
43.97256210200642,0,0.16
44.60858285573169,0,0.16
44.74968164660921,0,0.16
44.96144560469745,0,0.16
45.35601075191016,0,0.16
45.48812275530781,0,0.16
45.59853177459048,0,0.16
45.94305985538368,1,0.16
45.97736941727352,0,0.16
46.017401131737444,0,0.16
46.117307298530015,0,0.16
46.24179372378598,1,0.16
46.42980457071242,1,0.16
46.57525982196582,1,0.16
46.80389205426206,1,0.16
46.83920307551461,1,0.16
46.85609494079123,1,0.16
46.958966858598025,1,0.16
47.30778258534045,1,0.16
47.58887676766601,1,0.16
47.800887838534486,1,0.16
47.838736108740264,1,0.16
48.0404658247263,1,0.16
48.13320939096161,1,0.16
48.231616037372184,2,0.16
48.35282502904283,2,0.16
48.45246053718995,2,0.16
48.550909670154105,2,0.16
49.03819108136008,2,0.16
49.148330714571145,2,0.16
49.795619226221206,2,0.16
50.00459572683159,2,0.16
50.103466005330844,2,0.16
50.49557618609515,2,0.16
50.71546082415581,2,0.16
51.09907151637741,2,0.16
51.5994365751684,2,0.16
51.608753131617675,1,0.16
51.75181124875429,1,0.16
52.02949209838762,1,0.16
52.449907945728214,1,0.16
53.039104927666415,1,0.16
53.06812726688933,1,0.16
53.086738908838996,0,0.16
53.12144507520978,0,0.16
53.61518504983525,0,0.16
53.845490058089126,0,0.16
54.075302803955175,0,0.16
54.2081411837571,0,0.16
54.31286205079067,0,0.16
54.37636820893532,0,0.16
54.46875302837887,0,0.16
54.469249717993506,0,0.16
54.76466435159112,0,0.16
55.05038806499255,0,0.16
55.15269138344761,0,0.16
55.404761441836754,1,0.16
55.72522969756679,1,0.16
55.927353729882626,1,0.16
56.285413765645096,0,0.16
56.397674993952236,0,0.16
56.72029174430996,0,0.16
56.789750337235745,0,0.16
56.87398598938832,0,0.16
56.99264897782087,0,0.16
57.61664904879444,0,0.16
57.62888534848523,1,0.16
57.67752292585591,1,0.16
57.71620761334596,1,0.16
58.2700040591731,1,0.16
58.29628903401866,1,0.16
58.30577162987332,1,0.16
59.15526878683038,0,0.16
60.0554696815594,0,0.16
60.061031544086035,0,0.16
60.51241497054309,0,0.16
60.69053736999089,0,0.16
61.19051574718578,0,0.16
61.515830596189296,0,0.16
61.621731733706014,0,0.16
61.89916695600445,0,0.16
61.92861580107926,0,0.16
61.967803980597175,0,0.16
62.11838655669162,0,0.16
62.14377466160077,0,0.16
62.15556771947425,0,0.16
62.360518616638146,0,0.16
62.590487624648695,0,0.16
62.92366457476515,0,0.16
63.01739467478721,0,0.16
63.01914039708684,0,0.16
63.27322934864495,0,0.16
63.495049649901475,0,0.16
63.5535723110497,0,0.16
63.914886144126974,0,0.16
63.93818149862526,1,0.16
64.02769056622435,1,0.16
64.9493802387726,0,0.16
65.44253729733842,0,0.16
65.71946110028397,0,0.16
65.79710203275441,0,0.16
66.25019216289063,0,0.16
66.5387103623964,0,0.16
66.67899695322835,0,0.16
67.03964589103803,0,0.16
67.47017944648725,0,0.16
67.87999637005544,0,0.16
68.15758405088228,0,0.16
68.25902463218213,0,0.16
68.36528848772423,0,0.16
68.5144867970021,0,0.16
68.83712163403,0,0.16
68.94032078826918,0,0.16
69.53793446972902,0,0.16
69.57760439993963,0,0.16
70.15740961250378,0,0.16
70.1597628465477,0,0.16
70.17988109828528,0,0.16
70.52793175452847,0,0.16
71.11797739850046,0,0.16
71.30849811270369,0,0.16
71.40263924715556,0,0.16
71.52748819046545,0,0.16
72.1034077451171,0,0.16
72.15217888934346,0,0.16
72.44904145143394,0,0.16
73.92103285309582,0,0.16
73.996231006183,0,0.16
74.0916491353354,1,0.16
74.2405984837449,1,0.16
74.57565988701793,2,0.16
75.04347381461594,2,0.16
75.19870373544912,1,0.16
75.82678506229222,1,0.16
75.95608607169983,1,0.16
76.01875828223538,0,0.16
76.15634030027374,0,0.16
76.45775958035513,0,0.16
76.67812569639749,0,0.16
76.81400581268753,0,0.16
77.84649998436834,0,0.16
77.89899962438147,0,0.16
77.93573333004507,0,0.16
77.9650667305054,0,0.16
78.13341559511672,0,0.16
78.24028476800892,1,0.16
78.33022199306114,1,0.16
78.616449176623,1,0.16
78.99089899382604,0,0.16
78.99225865262896,0,0.16
79.02557965456485,0,0.16
79.41746291716366,0,0.16
79.6979111204619,0,0.16
80.15756029758282,0,0.16
80.51286037573895,1,0.16
80.8531110700481,1,0.16
81.03332966263538,1,0.16
81.16144285055628,0,0.16
81.2647094801485,1,0.16
81.84442917260526,1,0.16
82.2502722691208,1,0.16
82.35207955400045,1,0.16
82.36525196852251,1,0.16
82.89029581477065,1,0.16
83.00188534092185,1,0.16
83.04715065616703,1,0.16
83.20764349277864,1,0.16
83.31626527224853,1,0.16
83.72545289849427,1,0.16
84.12161796220589,0,0.16
84.30425787318383,0,0.16
84.40013536750466,0,0.16
84.61540045248393,0,0.16
84.74172566391417,0,0.16
85.04509359508998,0,0.16
85.08821056957345,0,0.16
85.13713575203249,0,0.16
85.24037761285706,0,0.16
85.40524823092997,0,0.16
85.41784246683937,0,0.16
86.15411086381613,0,0.16
86.59121305622665,0,0.16
86.61467116926111,0,0.16
86.6174399035536,0,0.16
87.32729907910624,0,0.16
87.46103330163554,0,0.16
87.86250889202988,0,0.16
88.13570869678188,0,0.16
88.45323066280801,0,0.16
88.46331943069609,0,0.16
88.80073643533036,0,0.16
88.88695263275197,0,0.16
89.12353415072538,0,0.16
90.01401943702632,0,0.16
90.43982085758242,0,0.16
90.83852166744737,0,0.16
91.09945229226491,0,0.16
92.13807371351875,0,0.16
92.17869106273797,0,0.16
92.25288150823138,0,0.16
92.25450010232682,0,0.16
92.58331297460893,0,0.16
92.8146644924861,0,0.16
93.07173183575568,0,0.16
93.21821044357921,0,0.16
93.61806387829982,0,0.16
94.15009808189973,0,0.16
94.20585984358405,0,0.16
94.23697782267047,0,0.16
94.32144262296833,0,0.16
94.38766471572684,0,0.16
94.55780481759363,0,0.16
94.70274048546432,0,0.16
95.55169633487641,0,0.16
95.70369079995633,0,0.16
95.70443956041842,0,0.16
95.94031280889665,0,0.16
96.20794578198709,0,0.16
96.67349892126313,0,0.16
96.91292550779895,0,0.16
96.98477173990996,0,0.16
97.4578290913941,0,0.16
97.80483505056709,0,0.16
98.1275083655737,0,0.16
98.32372339396674,0,0.16
98.58999600850076,0,0.16
98.76579261443919,0,0.16
99.03450324900467,0,0.16
99.1785495538146,0,0.16
99.33788434401237,0,0.16
99.40395552823655,0,0.16
99.6210923198366,0,0.16
100.1089127334119,0,0.16
100.45943860430218,0,0.16
100.48916655337017,0,0.16
100.83943961302437,0,0.16
101.07376849794832,0,0.16
101.13368180011294,0,0.16
101.17567384974215,0,0.16
101.17655399172021,0,0.16
101.3838014376188,0,0.16
101.74771005062689,0,0.16
101.81885843200327,0,0.16
101.93682774465917,0,0.16
101.9902271494667,0,0.16
102.06179489025696,0,0.16
102.11349430822537,0,0.16
102.18393333293486,1,0.16
102.4335555948457,2,0.16
102.44276276491081,2,0.16
102.59624484826537,1,0.16
102.68737700582577,1,0.16
102.75280443045575,1,0.16
102.8802129196913,1,0.16
103.21399511461578,1,0.16
103.50328434829744,1,0.16
103.65331290490164,1,0.16
103.70594177643308,1,0.16
104.02282400315194,1,0.16
104.3246827493946,1,0.16
104.36108263778335,1,0.16
104.57796336514394,1,0.16
104.83463150166729,2,0.16
105.2704510131306,1,0.16
105.31659817581806,1,0.16
105.32690284476422,1,0.16
105.42017805832421,1,0.16
105.46443951390947,1,0.16
105.56680502732439,1,0.16
105.57856470007764,1,0.16
105.65699772532984,1,0.16
105.71465256154978,1,0.16
106.14269573984072,2,0.16
106.25383822007507,2,0.16
106.87106903697988,2,0.16
106.99259902984673,2,0.16
107.74695728995667,2,0.16
107.80726806247989,2,0.16
107.86996272473407,2,0.16
108.07188530870063,2,0.16
108.1062632376023,2,0.16
108.60572808585252,1,0.16
108.72870727003459,1,0.16
109.08033051689566,1,0.16
109.18658561548496,1,0.16
109.20278677255016,1,0.16
109.42654911002272,1,0.16
109.54926984698858,1,0.16
109.65320224265034,1,0.16
110.05659123301452,1,0.16
110.08115998731908,1,0.16
110.17949529984733,1,0.16
110.39680727834765,1,0.16
110.61741475948239,0,0.16
111.32815295423721,0,0.16
111.43827179284237,0,0.16
111.4722861499035,0,0.16
111.91025939023737,0,0.16
112.3797861295009,0,0.16
112.51642901126287,0,0.16
112.8628977843066,0,0.16
113.4681539350383,0,0.16
113.66581126583475,0,0.16
113.75394018276342,0,0.16
113.88681169078268,0,0.16
113.93198636187275,0,0.16
113.98079909536162,0,0.16
114.52081529805751,0,0.16
114.95007617120125,0,0.16
115.39438305118026,1,0.16
115.39671443517136,1,0.16
115.74661253541787,0,0.16
115.9324558609334,0,0.16
116.46551453132972,0,0.16
116.93752864385777,0,0.16
117.12381047813105,0,0.16
117.59590864016883,0,0.16
117.96900259533427,0,0.16
118.00753465257189,0,0.16
118.26283631855459,0,0.16
118.48636223308866,0,0.16
118.60079340866413,0,0.16
118.6554790003788,0,0.16
118.83892849023766,0,0.16
118.88011641186976,0,0.16
118.88665013490875,0,0.16
118.90988301068644,0,0.16
119.40655957355975,0,0.16
119.96866688083949,0,0.16
