time,height_delta,beta
0.07448387043727217,1,0.75
1.7863041883494006,0,0.75
4.335812020798577,0,0.75
4.665598570874354,0,0.75
4.8587858231236645,0,0.75
4.89216754663742,0,0.75
6.506279563714893,0,0.75
6.742765465305588,1,0.75
6.951835249639435,1,0.75
7.405494459042946,2,0.75
8.172609867736849,3,0.75
8.264186616022902,4,0.75
8.986370031434456,3,0.75
9.019831341401877,4,0.75
9.464421264085216,4,0.75
9.983395464078383,5,0.75
10.458770819234072,4,0.75
11.423578917322445,5,0.75
13.095788379247084,4,0.75
13.607274955904101,5,0.75
13.649896731511857,5,0.75
13.791879657816649,6,0.75
14.346023233015284,5,0.75
14.760499322848071,6,0.75
14.931881325959,6,0.75
15.637875439819684,5,0.75
17.208964609411286,4,0.75
18.655954608021496,3,0.75
18.74740155661132,3,0.75
18.826884941237775,4,0.75
18.869495446714495,4,0.75
20.511261322136708,5,0.75
20.573152741210247,6,0.75
20.747077864938635,5,0.75
21.510459877700082,5,0.75
21.5804987903211,5,0.75
21.783101101728597,6,0.75
21.934958272072485,5,0.75
22.008028905932395,6,0.75
22.085480519771252,6,0.75
22.623456016426456,7,0.75
22.78622667544837,7,0.75
23.983423789792354,8,0.75
25.031243656634555,9,0.75
25.618578597423653,8,0.75
27.06160420347781,9,0.75
28.29834035195856,10,0.75
28.411299715446248,9,0.75
29.495421159133713,8,0.75
29.93730534018911,9,0.75
30.121218700499504,9,0.75
30.43210665215792,10,0.75
30.74583279641542,11,0.75
31.093839161349205,10,0.75
31.32585504510539,11,0.75
31.8168125815395,12,0.75
32.95009477665199,11,0.75
33.68316843394739,11,0.75
33.75317432108566,11,0.75
33.8291890149164,11,0.75
34.13059059051592,12,0.75
34.37236050733269,11,0.75
34.51746691542909,12,0.75
36.82387542827702,11,0.75
37.61607929478097,12,0.75
38.452035729574156,11,0.75
38.54644419790249,11,0.75
39.20909199367821,11,0.75
39.61505591894387,10,0.75
41.0327129705742,9,0.75
41.651914610969456,9,0.75
41.72667981422187,10,0.75
43.37708870964104,11,0.75
43.892574661259445,12,0.75
44.706257576222455,11,0.75
45.363330075765056,11,0.75
45.905185791056844,10,0.75
46.51741188122664,11,0.75
48.142441918210366,10,0.75
49.16663774082574,11,0.75
49.17856760682617,12,0.75
49.977261164734614,11,0.75
51.767981320035034,12,0.75
52.973588639119875,13,0.75
52.98654858932966,12,0.75
53.06705214054745,13,0.75
53.30379596155485,13,0.75
53.74831996775916,13,0.75
54.02928232203334,14,0.75
54.11966114181508,13,0.75
54.19847475611111,13,0.75
54.55432121398888,13,0.75
54.88564830739364,13,0.75
55.3910257836105,14,0.75
55.6745844628937,13,0.75
55.9980819943341,14,0.75
57.19598727284863,13,0.75
58.39756722188735,14,0.75
60.15232991220451,13,0.75
60.499915105065554,13,0.75
60.533386434888975,13,0.75
61.72464675402421,14,0.75
62.08401422866851,13,0.75
62.51631839590792,14,0.75
63.0805893170295,14,0.75
63.556252819995045,13,0.75
63.96283556819501,13,0.75
65.67687025467514,12,0.75
66.40540465646498,13,0.75
66.55814878327433,14,0.75
66.67607604651715,14,0.75
66.9088413146224,13,0.75
67.30663072067678,13,0.75
67.6752056427472,13,0.75
67.70610431054594,14,0.75
67.79460770244512,14,0.75
67.95390126013272,13,0.75
68.14595108224334,14,0.75
70.63667041296232,15,0.75
71.63055457250053,14,0.75
73.76036006111714,13,0.75
75.15584772789911,12,0.75
75.76098068643745,12,0.75
75.8699462615787,12,0.75
76.56378925189026,11,0.75
77.32061629418882,11,0.75
77.50632073350035,11,0.75
77.6010382157267,10,0.75
78.09039958694349,10,0.75
79.57543441272418,9,0.75
79.69110313070682,10,0.75
79.84458989135058,11,0.75
79.92874053858557,12,0.75
80.07703890962713,12,0.75
80.15826324033159,12,0.75
81.12659993377427,13,0.75
81.33996013882268,12,0.75
81.38809994750655,12,0.75
81.7654851201695,12,0.75
81.85523594478039,13,0.75
82.08285098275368,14,0.75
82.14081032163762,15,0.75
83.0658497671629,14,0.75
83.38634013804833,15,0.75
83.40646165875313,16,0.75
83.62693671196143,16,0.75
84.01646485916932,17,0.75
84.52526531556553,16,0.75
85.41611258036866,16,0.75
85.56372421174119,17,0.75
86.56701956221747,18,0.75
86.64255258507549,19,0.75
86.78180100758095,18,0.75
86.86731378694854,19,0.75
89.64310339508975,20,0.75
89.70646752149638,21,0.75
90.2139165405218,20,0.75
90.31506141679952,20,0.75
90.44922783570492,20,0.75
90.65232314939131,21,0.75
90.72024067433263,21,0.75
90.75214121541728,22,0.75
91.37948487448644,21,0.75
92.37163331995211,21,0.75
92.73417666220548,22,0.75
93.37066893178178,23,0.75
94.17188607204442,24,0.75
94.6489766557688,23,0.75
95.22387306958052,24,0.75
95.96556259221319,23,0.75
96.2786536793844,24,0.75
96.53841738251373,24,0.75
96.60103342320608,24,0.75
98.13901765977836,23,0.75
98.43798303390388,24,0.75
98.62418748191018,24,0.75
98.67586030660122,25,0.75
99.20407217975959,24,0.75
99.56434445725473,24,0.75
99.82308469970145,24,0.75
100.22036680405337,25,0.75
101.99289639417638,24,0.75
102.99997256437405,25,0.75
103.44088054724104,24,0.75
104.86505501139752,23,0.75
107.42137047820367,24,0.75
107.79832043111972,23,0.75
108.66437160790403,23,0.75
109.56872853901947,22,0.75
110.54774081389633,22,0.75
112.39172675290044,21,0.75
113.67377671695498,22,0.75
113.78142473897694,21,0.75
115.19035421125695,20,0.75
115.41267811274558,20,0.75
115.508743725238,21,0.75
115.53966264303178,22,0.75
116.26513697560546,21,0.75
116.5211310613188,21,0.75
117.33977492873719,20,0.75
117.4258770136512,21,0.75
117.77998951528873,21,0.75
118.4407773441168,22,0.75
118.75175941071059,21,0.75
119.13936221427196,21,0.75
119.59329725205632,21,0.75
120.4671364168467,22,0.75
121.69133050434111,23,0.75
121.88544270018858,22,0.75
122.24503339572112,22,0.75
124.13671307357077,23,0.75
124.48986865274789,22,0.75
124.5411336372403,22,0.75
124.55412826396615,22,0.75
124.94456402066342,22,0.75
124.96235404872843,23,0.75
125.1381776873149,24,0.75
125.1875429850222,25,0.75
125.87032860154787,24,0.75
126.46978989418663,24,0.75
128.31868880167877,23,0.75
128.6844382404813,24,0.75
129.2530623285231,25,0.75
129.5014124765786,26,0.75
130.78469458105118,25,0.75
131.00176259500768,26,0.75
131.89277448597613,25,0.75
132.3688554616625,24,0.75
132.68986022819996,25,0.75
133.13330714485983,25,0.75
133.3876228639808,25,0.75
138.13725466267945,24,0.75
138.53950766499577,24,0.75
139.53778284370938,23,0.75
139.82908968534923,23,0.75
141.92746987942203,22,0.75
142.86128307865837,22,0.75
142.89817074417545,22,0.75
142.96380316576418,21,0.75
143.5317124336199,21,0.75
143.66515178966065,21,0.75
144.1691724481642,20,0.75
145.13013110887763,21,0.75
145.18518321674037,20,0.75
145.89706828087873,20,0.75
146.0613045551789,21,0.75
146.07238408230432,22,0.75
146.66470038044346,23,0.75
146.83557661883665,24,0.75
146.96611572932238,23,0.75
148.1696464453618,22,0.75
148.36907604631466,23,0.75
149.1381231584218,23,0.75
149.6617662894361,22,0.75
149.87728763316485,23,0.75
150.69688849955782,24,0.75
152.28561185044526,23,0.75
152.85345311489274,23,0.75
153.8670335158073,24,0.75
154.16435759462485,23,0.75
155.08220059211203,23,0.75
155.15531479215,23,0.75
156.05699525043937,24,0.75
156.53251916997723,25,0.75
157.1421733169442,26,0.75
158.25186029894078,25,0.75
159.11222342928122,25,0.75
159.18997388108022,25,0.75
159.21556050960612,25,0.75
159.80445663606898,24,0.75
159.83647559650748,25,0.75
160.47820511105172,26,0.75
161.32030441080065,27,0.75
161.62872710185025,28,0.75
161.95688789484757,29,0.75
162.84973198950402,30,0.75
162.9811156545095,31,0.75
163.08313808447681,30,0.75
164.51585069985612,29,0.75
165.45127359556636,30,0.75
165.59028647921033,31,0.75
167.0146147006021,32,0.75
167.36294553786104,31,0.75
167.7219579674964,31,0.75
168.1081267507301,31,0.75
168.71551604932944,30,0.75
169.08425512871412,31,0.75
169.48078732415323,32,0.75
170.01360430628358,33,0.75
170.66447616183646,32,0.75
170.8481121959479,32,0.75
171.6470502587978,32,0.75
172.0913085346497,31,0.75
172.84362624806778,31,0.75
173.16773454876514,30,0.75
174.05834487806393,30,0.75
175.18398578718174,29,0.75
175.24624288541222,29,0.75
175.92529576914575,29,0.75
178.86705314569073,30,0.75
180.37271735539576,29,0.75
180.45562498181562,30,0.75
181.1723282635262,30,0.75
181.78446324214246,31,0.75
184.68044766680256,30,0.75
185.28351939455735,31,0.75
186.14477784769753,32,0.75
187.50626771411297,33,0.75
187.57592880586103,34,0.75
189.4141433006203,33,0.75
190.49384927456137,32,0.75
190.57161663923844,33,0.75
190.94049489600252,33,0.75
191.31520846282547,34,0.75
192.57742715065885,33,0.75
193.1414193574575,34,0.75
193.56082697234095,33,0.75
194.0399651329957,33,0.75
194.81561532748447,34,0.75
195.82499330942696,33,0.75
196.01594398945747,33,0.75
196.1018702609853,33,0.75
197.0094717312021,34,0.75
197.4858606048646,33,0.75
197.5173997276174,33,0.75
197.87967249515086,34,0.75
198.82712332436097,35,0.75
199.1505924029625,34,0.75
199.75292351059247,35,0.75
199.85831779446855,36,0.75
201.29374311941584,35,0.75
202.32002592543105,36,0.75
202.35264098364345,37,0.75
203.68496736467804,36,0.75
203.98171280512452,36,0.75
204.12935301578065,36,0.75
205.41511906506753,35,0.75
206.6337834095022,36,0.75
206.63520676098045,35,0.75
206.97552624589983,36,0.75
207.30833657944936,37,0.75
208.0562318836059,38,0.75
208.22611804116605,37,0.75
208.25592668779515,38,0.75
208.53413303902317,39,0.75
209.294986951797,38,0.75
209.5992017262688,39,0.75
210.5973590914044,40,0.75
210.7552359233658,39,0.75
212.07030339680583,40,0.75
212.109717907757,39,0.75
213.18548996105017,40,0.75
213.41980917956866,39,0.75
214.23584417056784,39,0.75
214.70803218102662,38,0.75
216.08668380072012,39,0.75
218.07720767002027,38,0.75
219.0525509307167,39,0.75
221.44786390982603,40,0.75
221.80201657630087,39,0.75
223.16052232018555,38,0.75
223.25492379002827,38,0.75
224.17023267647878,39,0.75
224.98283055881802,40,0.75
227.21449960884598,39,0.75
227.27910856866376,38,0.75
228.4218684207964,38,0.75
228.6009818772555,39,0.75
228.8678696843445,40,0.75
229.87356529418588,41,0.75
230.44717132366299,42,0.75
230.99262925269593,43,0.75
231.30423437933592,44,0.75
231.31927411791924,43,0.75
231.53534844753347,44,0.75
231.68318068666602,45,0.75
231.7122142784318,45,0.75
235.88328986627755,46,0.75
235.94508933412382,45,0.75
236.42826758433742,46,0.75
237.8626163228111,45,0.75
237.91117398945192,46,0.75
238.10570347289266,46,0.75
240.3185927902386,47,0.75
240.48403095044156,46,0.75
240.76684496897104,47,0.75
240.9568279404667,47,0.75
241.08493862229875,48,0.75
241.75425787688263,49,0.75
242.41936698354678,48,0.75
242.71659928193378,48,0.75
242.7554689972336,49,0.75
244.06707487439317,48,0.75
244.86415157639203,49,0.75
246.1794997040504,48,0.75
246.20620408805135,49,0.75
246.36632590961153,50,0.75
247.05500121401508,51,0.75
247.49881968734968,50,0.75
248.59313861473206,51,0.75
250.65299580057774,50,0.75
250.66824448515382,51,0.75
251.92265999393334,50,0.75
252.5143395000988,51,0.75
252.60115700561485,51,0.75
253.00971687436635,52,0.75
253.23419630069378,53,0.75
253.78701938047547,52,0.75
255.40509028321839,51,0.75
256.15837307965563,51,0.75
257.99374808651794,52,0.75
258.1316310979186,53,0.75
258.55421951977354,52,0.75
258.6241446744237,53,0.75
259.0014454326606,53,0.75
259.71351903254555,54,0.75
260.6013368251594,53,0.75
260.71645856101867,54,0.75
261.0281271582554,55,0.75
261.7650604020088,54,0.75
262.0641043761972,55,0.75
262.1586811964331,55,0.75
263.25569045423106,56,0.75
265.52241683602875,57,0.75
265.6224375758274,58,0.75
266.15772191968756,59,0.75
266.5214699244122,58,0.75
266.6888906574756,58,0.75
268.92887499155603,57,0.75
268.9754559929646,58,0.75
269.08200592776427,59,0.75
269.7501472029335,59,0.75
271.34082910829795,60,0.75
272.57517851061306,59,0.75
272.6718096567094,59,0.75
273.2210365465908,59,0.75
273.2311334839301,59,0.75
273.48148676994947,59,0.75
273.7208127137063,58,0.75
274.3410214582881,59,0.75
275.4909450187803,58,0.75
275.59473418994463,59,0.75
276.11679806801277,59,0.75
276.14469422600615,59,0.75
276.3359758503316,60,0.75
276.8837020414111,61,0.75
276.99774124752344,62,0.75
277.73535952672137,63,0.75
277.93017904704334,62,0.75
278.1501939307445,62,0.75
278.26616695756536,62,0.75
282.9957098358533,61,0.75
283.98457367858714,61,0.75
284.02518123144864,62,0.75
284.4275012014194,63,0.75
285.0774967132487,62,0.75
285.0950818888597,63,0.75
285.2371571471825,64,0.75
286.266316687225,63,0.75
286.26782192056646,63,0.75
286.5852330640031,63,0.75
286.94146665610776,64,0.75
289.18948547932894,65,0.75
289.8959737589648,66,0.75
290.0783594856435,67,0.75
290.74247234334604,66,0.75
290.9155709261279,67,0.75
291.65492447320037,68,0.75
292.129557696998,67,0.75
292.56460031740903,67,0.75
293.56122642805747,68,0.75
294.5045510064944,69,0.75
296.2649051867042,70,0.75
296.4990017509821,69,0.75
298.0033680455187,70,0.75
299.0270737035536,71,0.75
299.1711253460084,72,0.75
299.3894340285604,71,0.75
299.4506775408929,71,0.75
300.0706111753054,71,0.75
300.21910513394516,71,0.75
300.55675807162635,72,0.75
300.56342018876654,73,0.75
300.58124798092297,72,0.75
301.01737585070697,72,0.75
302.6250621712219,71,0.75
302.77784042656367,71,0.75
302.9796751635715,71,0.75
303.11172859341195,71,0.75
305.62064759438925,72,0.75
306.6616428717829,71,0.75
306.68395663870734,71,0.75
307.98341423080126,72,0.75
308.72527636595856,73,0.75
309.30563976516,72,0.75
309.62366477198094,72,0.75
309.7770633444113,73,0.75
309.9066615202626,74,0.75
312.30943982536445,73,0.75
312.47515105256326,74,0.75
312.8868197191582,75,0.75
313.570173615928,76,0.75
313.5777618422084,75,0.75
313.8582175868565,75,0.75
313.99385431912833,76,0.75
314.1469398770534,76,0.75
314.7010835306563,75,0.75
315.0874314170435,75,0.75
315.3094478809156,76,0.75
315.54827193856204,77,0.75
316.61323960759137,78,0.75
317.8444096397927,79,0.75
319.66278559116483,80,0.75
319.9399818321629,81,0.75
319.9464800130593,80,0.75
320.2990680850265,81,0.75
320.92206038396216,82,0.75
321.2367644424126,81,0.75
323.13011111687285,82,0.75
323.4738695554737,83,0.75
325.0646791617795,84,0.75
325.7982758182395,83,0.75
326.04236970139556,83,0.75
326.3097189951038,84,0.75
327.0234106797481,85,0.75
327.8005569644969,84,0.75
328.55941353348476,84,0.75
329.78449420190054,83,0.75
330.68906830737967,83,0.75
331.0339201088128,82,0.75
331.1393850352489,83,0.75
331.55941543787316,83,0.75
332.53212969919053,84,0.75
332.7869669944086,83,0.75
333.07447858589217,84,0.75
333.25400945413327,84,0.75
333.412732810454,84,0.75
335.9889930120416,83,0.75
336.3172261626336,83,0.75
336.61189786083884,84,0.75
336.8998037395741,84,0.75
336.9819395130963,84,0.75
337.9702415003712,83,0.75
338.7645764655877,84,0.75
341.4766056716231,85,0.75
341.89250221304957,84,0.75
342.1262119471546,85,0.75
343.3799123361698,84,0.75
344.90772915746953,85,0.75
345.26967844951156,84,0.75
346.8488058814102,85,0.75
346.8512134066604,84,0.75
347.94217098379795,85,0.75
348.4613350592645,86,0.75
348.8939668990915,85,0.75
350.1951154955498,84,0.75
350.29469661965084,85,0.75
350.8342133001267,86,0.75
351.15099719283273,86,0.75
351.21450598348196,87,0.75
351.38821994290805,86,0.75
352.0520933329681,87,0.75
352.3591927255488,87,0.75
353.6261144308638,86,0.75
354.30870756883286,86,0.75
354.8257756096092,85,0.75
355.6335817869635,85,0.75
356.6430302708416,86,0.75
356.77331693872213,85,0.75
356.9643917997777,85,0.75
357.55927212366606,85,0.75
358.91008861165164,86,0.75
359.284182197369,85,0.75
359.53488099497616,85,0.75
359.53723010131984,86,0.75
360.0973099566468,87,0.75
362.20052821622374,88,0.75
362.58666005805566,87,0.75
363.81014482826856,88,0.75
364.0348206338775,89,0.75
364.37943038950834,88,0.75
364.54150706325004,89,0.75
364.686048703907,89,0.75
364.7429723372574,89,0.75
365.03532280144475,89,0.75
365.6242872075564,88,0.75
365.7891057850976,88,0.75
366.4934758356974,89,0.75
366.7618189269919,90,0.75
366.83368156235656,91,0.75
367.3697030858233,90,0.75
367.5832088781511,90,0.75
367.7520519720263,91,0.75
368.49739628312386,92,0.75
368.9715070568973,93,0.75
369.7612186354349,92,0.75
369.9648037754935,92,0.75
370.66284075147166,93,0.75
370.7659069778615,92,0.75
371.3079777228265,92,0.75
371.6459603713513,93,0.75
372.6165765142283,92,0.75
373.01746714493817,92,0.75
373.14323487065036,92,0.75
373.49207379960376,92,0.75
374.2613489409828,91,0.75
374.4877841924608,91,0.75
375.1780705480805,92,0.75
375.56438063888623,91,0.75
376.0238366965898,91,0.75
376.8223308525541,92,0.75
378.4466828419854,93,0.75
379.13069627767476,92,0.75
380.2700147501911,93,0.75
382.39378670604805,94,0.75
383.09581889621074,95,0.75
383.79990892418317,96,0.75
384.9328748845636,97,0.75
385.3037334315988,98,0.75
386.73879338037403,99,0.75
386.9377278692985,100,0.75
387.1947737018763,99,0.75
387.1981831598292,99,0.75
388.27427459468686,100,0.75
388.5284500987371,99,0.75
388.5765187861503,100,0.75
389.61113569919945,99,0.75
389.9114156785956,100,0.75
390.3019905142342,100,0.75
390.3616116032896,100,0.75
390.7105845448876,101,0.75
391.0267446183846,102,0.75
391.83755171832973,101,0.75
392.17519364242816,101,0.75
392.4280437497209,102,0.75
393.0892884219675,101,0.75
393.270414683378,101,0.75
394.3665975543465,100,0.75
396.853472075395,101,0.75
397.3804378126963,102,0.75
398.3074828214484,101,0.75
399.1756024483237,101,0.75
400.27934599829473,100,0.75
400.28253985350995,101,0.75
402.0405819788619,100,0.75
402.9334560064508,100,0.75
403.067020038242,101,0.75
403.52578396874856,102,0.75
403.9574996273557,101,0.75
405.6021102841239,100,0.75
405.7626811904543,101,0.75
405.981183365369,102,0.75
406.0389630009944,102,0.75
406.45429412122786,103,0.75
406.666488715149,102,0.75
406.80666636813424,103,0.75
407.02404053767594,104,0.75
408.23330427018044,103,0.75
408.28237493908256,104,0.75
408.44944624057683,105,0.75
409.2897321957166,106,0.75
409.46149922600637,105,0.75
409.8590281623448,106,0.75
410.61378477122884,105,0.75
410.7606786349988,106,0.75
410.93219268400566,106,0.75
411.3145065993547,107,0.75
411.7447050394882,106,0.75
411.8052543424086,107,0.75
412.6844806399768,108,0.75
413.3173066888006,109,0.75
413.38756046293565,110,0.75
413.9448342680398,109,0.75
415.0307467780681,108,0.75
416.1645137901999,109,0.75
416.70253136445086,110,0.75
416.80634321629753,111,0.75
417.1031774059939,112,0.75
418.80059120788354,111,0.75
419.0981105074324,111,0.75
419.2174449582182,111,0.75
419.5057276470749,111,0.75
420.97505655231976,112,0.75
421.148373272439,111,0.75
421.2632543707732,112,0.75
423.6173687757378,113,0.75
424.36180412147934,112,0.75
425.16904398041055,113,0.75
425.92402145783757,112,0.75
426.268316146172,112,0.75
426.94000905992857,113,0.75
427.00622714569954,112,0.75
427.2986268346366,113,0.75
427.9089752835308,114,0.75
428.22462599397056,115,0.75
429.94659217654623,116,0.75
430.06853385185684,115,0.75
431.5771672461307,114,0.75
431.95111567092914,115,0.75
432.25045997297343,115,0.75
432.39883789405536,115,0.75
433.72481902122223,114,0.75
433.83293160050937,115,0.75
434.1681456679388,115,0.75
434.19292207200033,115,0.75
434.57012849191386,115,0.75
434.7106848986967,116,0.75
436.06120284906615,115,0.75
436.8142830067404,115,0.75
438.2343584280603,116,0.75
438.4607115464724,117,0.75
439.3724816108617,116,0.75
440.14751861794855,116,0.75
440.34156183302315,117,0.75
441.35455810344735,118,0.75
441.85794624318197,119,0.75
442.7020349753722,118,0.75
442.80261900982697,118,0.75
443.33262580934985,118,0.75
443.87439316656423,119,0.75
444.23521536486004,120,0.75
444.867774719052,121,0.75
444.90766580226574,120,0.75
444.97773292973994,120,0.75
445.9578153663303,121,0.75
445.9804959188156,120,0.75
446.1956593217662,120,0.75
447.3704324590104,121,0.75
447.46148997301157,120,0.75
447.5980304582853,120,0.75
447.6296263661095,121,0.75
447.79028985070613,122,0.75
448.25246077751456,122,0.75
448.26862817159105,123,0.75
450.2707421688987,124,0.75
451.03115084998626,125,0.75
451.60702577632964,124,0.75
451.9105935889713,124,0.75
451.98858474819787,125,0.75
452.88371268593727,126,0.75
453.12416044081607,127,0.75
453.25212890077717,126,0.75
453.2705090770939,126,0.75
453.3168486914682,125,0.75
453.5504648478779,125,0.75
454.19612271337047,125,0.75
455.8624623127982,124,0.75
456.0043056222925,125,0.75
458.0976425952855,126,0.75
458.3429082278751,127,0.75
460.53212968919956,128,0.75
461.06574123955795,129,0.75
461.80565717000223,130,0.75
462.1390036704694,129,0.75
462.2443918891653,129,0.75
463.21328837004654,130,0.75
464.041438836223,131,0.75
464.15563010500335,132,0.75
464.22705508856404,131,0.75
464.3289222620418,132,0.75
464.8994216115705,133,0.75
466.87226541936144,132,0.75
467.2201504385253,132,0.75
468.3331726545759,133,0.75
468.5548570053437,134,0.75
468.67304567150353,135,0.75
468.9337629263575,136,0.75
469.9156866758014,137,0.75
470.0020441609164,136,0.75
470.1027214650182,136,0.75
470.4193790264027,137,0.75
470.5938506612923,137,0.75
470.9732408834321,137,0.75
471.1135943586085,138,0.75
472.12070929055824,137,0.75
473.08169687614054,137,0.75
473.428427472875,136,0.75
473.52208567251034,136,0.75
473.9072832728955,136,0.75
474.79659465071757,135,0.75
475.0222833931184,136,0.75
476.3116342941473,135,0.75
476.5355641546632,135,0.75
477.0659803234991,135,0.75
477.10973074008933,135,0.75
477.2899058460334,136,0.75
477.9364749788416,137,0.75
478.0532491265261,136,0.75
478.30061069388216,137,0.75
478.36406877138035,138,0.75
478.94076871111844,139,0.75
480.4007254893455,138,0.75
480.4134470232041,139,0.75
480.65003338526475,139,0.75
480.71418811580565,139,0.75
482.0369221649925,140,0.75
482.667574823062,139,0.75
483.4342658802064,139,0.75
484.35693686366204,140,0.75
484.72821504461564,139,0.75
485.0933949091688,140,0.75
485.1322972928281,141,0.75
485.7666978150587,142,0.75
485.8298120875979,143,0.75
486.51826755260555,142,0.75
486.78736175627114,143,0.75
486.82829834339174,143,0.75
487.083351185819,143,0.75
487.25287784357346,144,0.75
489.78058888338387,145,0.75
490.7868648468723,144,0.75
491.1379242222501,145,0.75
491.8079885325955,146,0.75
492.4374683838969,145,0.75
493.460865973237,144,0.75
494.8724080588154,145,0.75
495.1487602205316,146,0.75
496.34771195128803,147,0.75
499.9576377582676,146,0.75
0.04389286077267541,0,0.6
0.6415141462590729,0,0.6
0.8276348286180177,0,0.6
1.502262059233399,0,0.6
2.6580058622774367,1,0.6
2.7477822237746663,2,0.6
2.7758849269007775,1,0.6
3.2719114179752946,1,0.6
3.3531035289452404,2,0.6
3.4575396406559555,1,0.6
3.9999125368196777,1,0.6
5.412518072804153,0,0.6
5.621609333320616,1,0.6
5.685914728343784,1,0.6
6.084433528638172,2,0.6
6.289020630904515,2,0.6
6.861377266001901,1,0.6
7.045848417522506,2,0.6
7.503435144977264,2,0.6
7.5377947568868215,3,0.6
9.73217255062583,4,0.6
9.833771283765712,3,0.6
9.841882584278045,4,0.6
10.050214773612879,5,0.6
10.128246786179725,6,0.6
10.344446201505912,6,0.6
11.303180328336758,5,0.6
12.107314047759592,5,0.6
12.257796643600734,5,0.6
13.175215178446168,6,0.6
13.645497982018359,7,0.6
13.867045522330969,8,0.6
14.003982676674912,7,0.6
15.05123077645705,8,0.6
15.318878312952435,7,0.6
15.519775608582336,7,0.6
16.04314169138228,8,0.6
16.290975441056233,8,0.6
16.653853412104947,9,0.6
18.29748238966582,8,0.6
19.390595927158497,9,0.6
20.069685234334976,8,0.6
20.625741975621292,8,0.6
20.69149910240548,7,0.6
20.82363223240687,7,0.6
21.50226328470272,7,0.6
21.52433727566397,7,0.6
22.94040776472231,6,0.6
26.08278659109203,7,0.6
26.103613811910908,8,0.6
26.142837828896983,7,0.6
26.4099778664552,7,0.6
27.044671369055745,8,0.6
27.15753646996646,7,0.6
27.17637330315135,8,0.6
28.255282701069994,7,0.6
28.75601786785211,7,0.6
30.45215203955667,6,0.6
31.972094546240193,7,0.6
32.99577124485368,6,0.6
34.37109130479908,7,0.6
34.53816025437116,6,0.6
34.64878402357346,6,0.6
36.31714051996228,5,0.6
37.51943763349183,6,0.6
37.65153867139646,5,0.6
38.418636817443804,6,0.6
38.89899256363287,5,0.6
39.29739360509166,5,0.6
39.534023461738016,6,0.6
39.839618488404014,7,0.6
41.738652435988364,6,0.6
42.84275797088482,5,0.6
44.60205707572628,4,0.6
44.71664042385003,5,0.6
46.75668316634772,4,0.6
48.206127115569004,3,0.6
48.76864754533684,3,0.6
48.86262378429852,3,0.6
51.856745782760086,2,0.6
52.09403323662954,3,0.6
53.067015713799435,2,0.6
53.308877754403966,2,0.6
53.33173357502385,2,0.6
53.51235996182532,2,0.6
53.6876073846713,2,0.6
55.38086849329688,1,0.6
55.469004546792036,1,0.6
56.613553169581934,0,0.6
57.349858473227734,1,0.6
58.04108611084469,0,0.6
59.08695080020305,0,0.6
59.39414275786898,0,0.6
59.534367271880036,0,0.6
59.63059199263664,0,0.6
60.18753216911366,0,0.6
60.536577845710305,0,0.6
61.693656736554885,1,0.6
62.66071234476059,0,0.6
63.40729556244804,0,0.6
63.557458060940114,0,0.6
63.67903209256982,1,0.6
64.03558275949045,2,0.6
64.72452744292019,3,0.6
65.06965016222748,2,0.6
67.3486113700402,1,0.6
67.39107107636859,1,0.6
67.58093865438043,2,0.6
67.7723759374248,3,0.6
68.04833791398156,3,0.6
68.62071413840907,2,0.6
69.25498502204047,2,0.6
70.02540530325207,1,0.6
70.39927645811586,2,0.6
70.4765029042179,2,0.6
71.53729725711649,1,0.6
72.69008337172608,2,0.6
74.9923735750153,3,0.6
75.14693074618745,2,0.6
75.4844848732561,3,0.6
75.71651734020871,3,0.6
75.87953436843914,3,0.6
76.90772497436001,4,0.6
77.26752071140831,3,0.6
78.45977791062168,2,0.6
78.71192255442186,3,0.6
79.07485576461963,3,0.6
79.51486963040009,2,0.6
80.10058982081458,2,0.6
80.39751248435975,3,0.6
81.16158028220256,2,0.6
82.05316459852398,2,0.6
82.23488783959947,1,0.6
83.87523566883499,2,0.6
83.89507571986644,3,0.6
84.1723240517206,4,0.6
85.5812643213541,3,0.6
85.64753558196898,4,0.6
86.19221281171373,5,0.6
86.63866940014299,4,0.6
86.70591824800653,5,0.6
86.80871545162998,5,0.6
87.61466874241096,5,0.6
88.96205376537702,4,0.6
89.10385934032433,4,0.6
89.56608158250017,4,0.6
89.94684035333883,4,0.6
92.46304032076276,3,0.6
93.33645961406926,4,0.6
93.4476618984433,4,0.6
93.66792770189548,3,0.6
94.19063752043444,3,0.6
94.77718264224487,2,0.6
95.41771606355223,3,0.6
97.34502502515753,2,0.6
97.39042429590586,3,0.6
98.04835327844536,3,0.6
98.42497300683695,4,0.6
99.28983824290226,5,0.6
99.35212174527916,4,0.6
99.73775247426734,4,0.6
99.97939387236099,5,0.6
100.0815498698166,5,0.6
100.81358813089925,6,0.6
101.68100865287947,5,0.6
101.865228076862,5,0.6
102.39575803914666,6,0.6
102.40115161257732,7,0.6
102.95012744698522,6,0.6
103.18854518525164,6,0.6
103.75581895783303,7,0.6
103.83105676830911,7,0.6
104.0482823370053,6,0.6
104.87362693429738,6,0.6
105.04139623849584,7,0.6
105.94178485026433,8,0.6
107.2102300825204,9,0.6
107.45101874754899,8,0.6
108.68782265873205,7,0.6
109.05993826583433,8,0.6
109.22134155573042,8,0.6
109.86776014476227,9,0.6
110.07129874350379,10,0.6
110.37109557609479,9,0.6
110.4456769422305,9,0.6
110.59235391461202,9,0.6
111.51697180516274,10,0.6
111.61058162890667,9,0.6
112.21594743837673,10,0.6
112.34984978864975,10,0.6
112.57890108886626,10,0.6
112.90048154312124,9,0.6
114.60070013283463,10,0.6
114.9362659819837,11,0.6
115.01610990416025,10,0.6
116.90763103538576,9,0.6
117.39103163451709,9,0.6
117.67814954699446,9,0.6
117.79623397072648,9,0.6
118.77092824090644,8,0.6
118.94299274430509,8,0.6
119.83115437053401,7,0.6
119.88756276922102,7,0.6
120.15022582273552,8,0.6
121.1649754625334,7,0.6
121.168686235412,8,0.6
121.7193502986612,8,0.6
121.91693941689182,8,0.6
122.22811135217013,9,0.6
122.36048383951464,8,0.6
122.46658252799512,9,0.6
122.59675615908408,9,0.6
122.62942855062603,9,0.6
122.88252840236699,10,0.6
123.0458027921216,11,0.6
124.10476408279749,10,0.6
125.64939580546894,9,0.6
126.81679216445504,8,0.6
126.82713423343442,8,0.6
126.94723504216006,8,0.6
127.65139761436986,8,0.6
128.52792661898184,7,0.6
130.21298332390646,8,0.6
130.45971337175882,7,0.6
131.31056414817814,7,0.6
132.31493838319193,8,0.6
132.72611404002987,7,0.6
133.09494341739205,7,0.6
133.35188981322642,7,0.6
135.62839507272213,6,0.6
135.6613129791974,6,0.6
136.38210339572962,6,0.6
136.79127601765254,7,0.6
136.86627953767922,6,0.6
136.94191677714477,6,0.6
137.29953452662667,6,0.6
137.48854296324959,6,0.6
138.10475438881997,5,0.6
138.18679892372205,5,0.6
138.2901236057372,5,0.6
138.92415298723816,5,0.6
139.01184239639093,6,0.6
139.5756520988166,5,0.6
139.73106633352342,5,0.6
141.13853590423253,4,0.6
141.22945802843915,4,0.6
141.38213078758744,4,0.6
141.41730114159273,4,0.6
141.49471252901415,5,0.6
142.87903761569558,6,0.6
143.60034659769317,5,0.6
143.67274117449577,5,0.6
145.10809771873465,6,0.6
145.73067968448387,7,0.6
146.2040894784533,6,0.6
146.54307839963772,6,0.6
149.35788557368045,5,0.6
149.75887820761085,5,0.6
149.79066613717177,5,0.6
149.83446733535334,6,0.6
150.4888841167951,5,0.6
151.00836482734547,6,0.6
151.08699334946286,7,0.6
151.31840941951017,8,0.6
152.82317532124196,7,0.6
153.49861546896375,8,0.6
153.63226871165665,8,0.6
154.02430510161216,9,0.6
154.39687181779374,8,0.6
154.5356647194113,8,0.6
154.60839404672043,8,0.6
155.12609500666042,8,0.6
155.23852798336435,8,0.6
155.24558333741967,8,0.6
156.01255747653613,7,0.6
159.51175085857923,6,0.6
160.2365595620577,6,0.6
161.53224073039118,7,0.6
162.49423847986392,6,0.6
163.12423044900973,6,0.6
163.6126119273754,5,0.6
165.5016831347074,4,0.6
165.84324822145115,5,0.6
166.21857541579058,5,0.6
167.83163488769483,4,0.6
169.46681793811885,5,0.6
169.60953141552616,4,0.6
169.9511286319943,4,0.6
170.85746619637365,3,0.6
172.02635030976305,2,0.6
172.87816978819413,2,0.6
173.027027371114,1,0.6
173.13443786171553,2,0.6
173.33096661681952,2,0.6
173.37480589714048,2,0.6
173.55699907719614,3,0.6
174.57417792466265,4,0.6
175.15236161451568,5,0.6
175.53776069892956,6,0.6
176.87215752558,5,0.6
177.87966287282867,4,0.6
178.14040149501213,4,0.6
178.27277824907156,4,0.6
178.63616940855857,4,0.6
179.0573133162716,3,0.6
179.07040959383087,3,0.6
180.98105668494276,4,0.6
181.70139646360522,5,0.6
182.27032331194553,4,0.6
183.90634120095964,5,0.6
185.33232904878543,4,0.6
185.44507340578116,4,0.6
185.94235945021427,4,0.6
185.98083526699128,4,0.6
186.5262933749922,3,0.6
186.62998501146163,3,0.6
186.75576573553417,4,0.6
186.9510116354305,4,0.6
187.7923808077816,3,0.6
188.0122286611551,4,0.6
188.0794740117881,4,0.6
189.13698713195896,5,0.6
190.18144714443008,6,0.6
191.17047177052524,5,0.6
192.0281985048731,5,0.6
192.51018995170358,4,0.6
192.68175000462347,4,0.6
192.90863401642542,5,0.6
193.2989088193994,5,0.6
193.30467323911392,6,0.6
194.8039155666688,5,0.6
194.99543601574985,6,0.6
195.06148797307227,7,0.6
195.12768428428623,8,0.6
195.30711572199644,8,0.6
196.38925994623955,9,0.6
196.8098421758737,8,0.6
196.8613807163196,8,0.6
196.91526493503883,9,0.6
197.56527197254155,9,0.6
197.94776210876043,8,0.6
198.3041003443833,9,0.6
198.45507647622492,9,0.6
198.5543385176965,10,0.6
201.75755604933502,9,0.6
203.0778560731509,10,0.6
203.291634311351,9,0.6
203.33047917224806,9,0.6
204.78369951793331,8,0.6
205.2522661923423,8,0.6
205.50704951110524,8,0.6
206.30546791304283,7,0.6
206.43101480332447,7,0.6
206.5762627492964,7,0.6
206.78986124523027,8,0.6
207.15910211171612,8,0.6
207.67515873326923,9,0.6
210.08821476927417,8,0.6
210.56533794888736,8,0.6
210.63582382639953,8,0.6
212.1665038573533,9,0.6
212.56852234032274,8,0.6
212.76908618974744,9,0.6
212.79574141563066,9,0.6
213.10431363587884,10,0.6
213.18672881604053,11,0.6
213.6390418835387,10,0.6
214.07405804117175,11,0.6
214.1671975479633,12,0.6
214.42281199467794,13,0.6
214.8923090807118,12,0.6
215.35528069568423,13,0.6
215.95585786628823,14,0.6
216.30633216177085,15,0.6
216.32130850521,14,0.6
216.54440842674444,14,0.6
217.38177011787033,13,0.6
217.48141288266862,13,0.6
217.69755603295567,13,0.6
218.1340757066886,14,0.6
219.19391432542932,13,0.6
219.71215955721271,14,0.6
220.5880309219531,13,0.6
220.65047739825368,13,0.6
220.88664956881385,13,0.6
221.01305279269567,13,0.6
221.6291997984212,12,0.6
225.39913227807418,11,0.6
226.6180973538912,12,0.6
227.43123144367374,13,0.6
227.47881983914888,12,0.6
227.97126048279617,13,0.6
229.22488309647295,12,0.6
229.9029776478499,12,0.6
231.0302376446484,11,0.6
231.88913475448825,11,0.6
231.9317451761655,12,0.6
232.89036898477715,11,0.6
232.94032322975386,12,0.6
233.56352914548455,12,0.6
233.70925422290412,13,0.6
233.7243814878973,14,0.6
234.06151121789748,15,0.6
235.46388784368145,16,0.6
236.7978135362301,17,0.6
237.79118984585023,16,0.6
237.9500221193435,17,0.6
238.08321209189336,18,0.6
239.90755919402372,17,0.6
240.98423299233636,16,0.6
242.10357305842734,15,0.6
242.30692664899897,15,0.6
244.77534845718563,16,0.6
246.21199065276306,17,0.6
246.38738656636562,16,0.6
246.5380286312007,16,0.6
246.97831899808153,17,0.6
247.72835871457792,16,0.6
248.9370927096496,15,0.6
249.00763234169352,16,0.6
250.26964285430734,17,0.6
251.15848735865956,16,0.6
252.217139328584,17,0.6
252.34641594368594,16,0.6
253.12348585544498,17,0.6
253.40788308382477,16,0.6
253.7061118094053,17,0.6
256.05074912105795,16,0.6
256.2029403195526,17,0.6
256.2109361773148,17,0.6
257.22393886812324,16,0.6
257.42320247017614,17,0.6
257.9341880598078,18,0.6
258.5920368610612,17,0.6
259.88832823718724,18,0.6
260.1667614250651,19,0.6
261.2156212839285,18,0.6
262.29672942605345,17,0.6
262.4834569139217,17,0.6
263.8000692110896,16,0.6
263.9696111379336,16,0.6
264.4629181660186,17,0.6
265.12897406625916,16,0.6
267.2505711583169,15,0.6
268.7715742086868,14,0.6
269.53601295003347,15,0.6
270.512081887113,16,0.6
272.14703682767157,15,0.6
272.3450549452129,15,0.6
273.0011865332986,16,0.6
273.64927822117596,17,0.6
273.7157033146111,18,0.6
274.4477955689315,19,0.6
274.5386884700642,20,0.6
275.5700261223703,19,0.6
275.72104963828895,19,0.6
276.78430886527,18,0.6
277.020317498231,19,0.6
277.03963385897464,20,0.6
278.09199831175454,19,0.6
278.6544698828946,20,0.6
278.67608411059746,21,0.6
278.94016440324464,21,0.6
279.2313098687476,20,0.6
279.6352187777313,20,0.6
280.030833138209,21,0.6
280.35371385778546,20,0.6
280.98303389902907,20,0.6
281.85598334610984,21,0.6
282.3338462639396,20,0.6
282.39932157786535,21,0.6
282.96034266058643,22,0.6
283.53496107747173,21,0.6
285.57618376970305,20,0.6
285.61379235578704,20,0.6
287.0415757880603,19,0.6
287.32562976092794,19,0.6
288.241694978974,18,0.6
288.57534218747884,18,0.6
289.61717049232794,19,0.6
289.97948831873197,18,0.6
291.5135592833496,19,0.6
292.0456817822759,20,0.6
292.1831980268942,19,0.6
292.8483741883379,20,0.6
292.9697361626653,20,0.6
293.3691560598385,19,0.6
293.853736890833,19,0.6
294.1569112587597,20,0.6
294.54839272928217,21,0.6
294.5518519510426,22,0.6
294.74492632488267,23,0.6
295.0029574564664,24,0.6
295.54580307616266,25,0.6
295.6090966446887,26,0.6
296.07001485932057,27,0.6
296.30714348419275,26,0.6
296.38539914044674,27,0.6
297.92216636809593,28,0.6
298.4543438013009,27,0.6
298.61305699653616,28,0.6
299.00831628201325,28,0.6
299.80470672578724,27,0.6
303.985562393233,28,0.6
304.23085083750965,27,0.6
305.6786170051264,26,0.6
305.7910166298592,26,0.6
306.3344925902272,27,0.6
306.90405235772374,28,0.6
307.49085057318865,27,0.6
308.2064945489457,28,0.6
309.07937714934087,29,0.6
310.95865014125474,28,0.6
311.1094393776827,28,0.6
311.58800924443955,28,0.6
311.92050004781635,28,0.6
311.9209142309441,28,0.6
311.9537440741834,28,0.6
312.0319731967721,29,0.6
313.8535520567959,30,0.6
316.78325334162435,29,0.6
317.2438840060778,29,0.6
317.42603720076005,29,0.6
317.50942402755976,30,0.6
318.05562852264234,29,0.6
318.35664339531223,29,0.6
318.95465749176435,30,0.6
319.75438724126457,31,0.6
320.0951019174822,30,0.6
320.10717508015404,31,0.6
320.199463111678,31,0.6
322.94355640467967,30,0.6
323.36041333980415,30,0.6
323.55884403017325,31,0.6
324.1221043623398,30,0.6
324.2935378267722,30,0.6
324.84386128836644,30,0.6
325.0823415442643,31,0.6
325.2498644868767,30,0.6
325.4607256092007,30,0.6
325.9080458674727,30,0.6
327.0512965239935,31,0.6
327.27390766969523,32,0.6
328.0265200310342,31,0.6
328.09829195135507,31,0.6
328.5515586763832,31,0.6
328.61021162247965,31,0.6
329.146143243684,32,0.6
329.8176528728964,33,0.6
330.51198288977935,34,0.6
332.23852948920154,35,0.6
333.04384334863124,34,0.6
333.0909589748063,34,0.6
333.1623350152211,35,0.6
333.963225377059,35,0.6
334.89137558949346,34,0.6
335.2893131430929,34,0.6
335.5022857769229,34,0.6
336.2851036223641,33,0.6
336.9469216397953,34,0.6
338.0171360462095,33,0.6
338.8743419695528,33,0.6
339.5542696721509,32,0.6
339.8603893606636,32,0.6
340.6934815802598,31,0.6
343.4494947732979,30,0.6
344.4036698105874,30,0.6
344.86389188494866,31,0.6
346.299515117011,32,0.6
348.39323328034914,33,0.6
349.55590796898946,32,0.6
349.596410113742,32,0.6
349.7275294342125,33,0.6
350.07496113350425,33,0.6
350.82866355262854,32,0.6
351.35396488031785,32,0.6
351.4739185787259,33,0.6
351.88985548590716,32,0.6
352.1803350784467,32,0.6
352.2801783342499,33,0.6
352.6869506580395,34,0.6
352.7035146153836,34,0.6
355.46650282055725,33,0.6
357.2252961205198,34,0.6
357.94264667784364,35,0.6
358.2596279185302,34,0.6
358.4657935960332,34,0.6
359.9015749991848,33,0.6
360.37942038642416,33,0.6
360.78536337198153,33,0.6
361.04008898991395,32,0.6
361.3119990658967,32,0.6
361.4582794421338,32,0.6
361.83217364198765,32,0.6
362.1191332134816,31,0.6
362.4725175488688,31,0.6
364.34083194947937,30,0.6
364.7094904839795,31,0.6
365.7967643527919,32,0.6
366.1016318702707,33,0.6
366.90810824770483,32,0.6
367.0873389118443,32,0.6
367.09837601032757,32,0.6
368.2261903726845,31,0.6
369.05131814708477,32,0.6
369.20125919464726,32,0.6
369.21903610709614,33,0.6
369.8165684857591,34,0.6
370.88666393143666,33,0.6
372.0929959367994,32,0.6
372.66093777894093,32,0.6
372.6635400609982,32,0.6
372.907601696122,32,0.6
373.23856545854665,31,0.6
373.71507351613786,32,0.6
375.32491425009346,31,0.6
377.4940756421587,32,0.6
379.54242875660356,31,0.6
379.5849505749387,31,0.6
379.6882220637707,31,0.6
381.5000533964665,30,0.6
381.84887767364063,31,0.6
382.35537815231345,32,0.6
382.67654239926327,31,0.6
382.80186159890036,31,0.6
382.8270228041477,32,0.6
382.9596634822316,32,0.6
383.11314658366473,33,0.6
383.23053041772886,33,0.6
383.24379365984714,34,0.6
384.0128970480651,33,0.6
385.37845244619274,32,0.6
385.6472833793501,32,0.6
385.9801595422046,32,0.6
386.6162801505702,31,0.6
387.3078238522461,31,0.6
387.53875310505174,31,0.6
388.2638321328576,30,0.6
388.99862438628975,30,0.6
389.7988224212994,29,0.6
390.15923330388375,30,0.6
390.7151687465335,30,0.6
391.05870539456254,31,0.6
392.0575114933156,32,0.6
392.2942034083425,33,0.6
393.02426266409867,34,0.6
393.5127450225175,33,0.6
393.7134836886047,33,0.6
393.81684570189395,33,0.6
395.3445107722767,32,0.6
395.97816261748727,33,0.6
396.0127547093853,34,0.6
396.1884255214119,34,0.6
396.472407850535,33,0.6
396.5890486064222,33,0.6
396.811664319385,34,0.6
397.2337401521247,34,0.6
398.00798041714455,33,0.6
398.2576139746576,34,0.6
399.29090058130294,33,0.6
399.7963795514051,34,0.6
400.37416993218585,33,0.6
401.02584767258,33,0.6
401.43814684923933,32,0.6
402.3231880487105,32,0.6
402.4085977743515,33,0.6
404.74188977880556,34,0.6
405.49256673982643,33,0.6
406.86996544431884,32,0.6
407.0268745247803,32,0.6
407.3924444508102,33,0.6
407.7470894548657,33,0.6
408.4195406477744,32,0.6
409.82205908340774,33,0.6
409.9477414101255,32,0.6
410.8311963428957,33,0.6
411.36470171369,34,0.6
413.5728750121507,33,0.6
414.62989675197485,34,0.6
414.8417329221892,33,0.6
415.0142951284821,34,0.6
416.16835105201454,33,0.6
416.7133695379073,33,0.6
418.1241506404099,32,0.6
421.2593564443852,31,0.6
421.57325442331995,32,0.6
421.87791808520876,33,0.6
423.724258163125,34,0.6
423.9342362080591,33,0.6
424.293453038642,33,0.6
424.52394319417056,34,0.6
425.8447433747035,35,0.6
426.10078215746023,34,0.6
426.37302529972067,35,0.6
426.6497548842693,35,0.6
426.9379877459831,35,0.6
427.8955959456695,34,0.6
427.9499940711003,35,0.6
428.9274204289403,34,0.6
430.1656154523587,35,0.6
430.25256241296745,36,0.6
430.3967177227404,35,0.6
430.913742461608,36,0.6
430.9983882497382,37,0.6
431.2638556614795,38,0.6
431.28663996979736,38,0.6
432.23038208668197,39,0.6
433.39129091358524,40,0.6
433.45474384447107,41,0.6
434.440384886074,40,0.6
436.32621895797354,41,0.6
436.4866953356613,40,0.6
436.62221619483284,40,0.6
437.31091672800676,40,0.6
437.42419745612597,40,0.6
438.21841395250334,39,0.6
439.8007116743256,38,0.6
440.37545419625707,37,0.6
441.9153699447544,36,0.6
442.41330285697904,36,0.6
443.1815999914313,37,0.6
444.15916810557997,36,0.6
445.7692759790504,37,0.6
446.4599587942891,36,0.6
446.75571968359833,36,0.6
447.1774933770859,37,0.6
448.1796096117737,36,0.6
448.36855606061323,36,0.6
449.1136896685091,37,0.6
449.18099485621326,36,0.6
451.3476013839697,35,0.6
451.5839716416048,35,0.6
451.70242009125235,35,0.6
451.7153133709859,36,0.6
453.34770677885734,35,0.6
453.72815426828174,36,0.6
454.2634921254069,35,0.6
454.9958558528001,36,0.6
455.74586959706596,37,0.6
456.3937400776884,38,0.6
456.7401662129788,37,0.6
457.24737032610375,37,0.6
457.9430503722355,36,0.6
458.06640074760185,37,0.6
458.75385833737204,37,0.6
459.07617874544394,36,0.6
459.4249107543906,36,0.6
459.89707064907856,36,0.6
460.4872640262445,35,0.6
460.7889575365219,35,0.6
461.47792607489873,35,0.6
462.4388727550565,36,0.6
462.7601171145385,35,0.6
463.0335277094627,35,0.6
463.8026400361394,36,0.6
463.9623570501095,37,0.6
464.7306713951262,36,0.6
465.30013534763856,36,0.6
465.86668136280196,35,0.6
466.8284230793256,35,0.6
467.02991936831637,34,0.6
467.67205657890634,34,0.6
469.65976587989365,35,0.6
469.98924769568737,36,0.6
470.35391444536185,37,0.6
470.7930997925582,36,0.6
471.42435609300975,36,0.6
473.2093403234168,37,0.6
473.7758937379174,36,0.6
475.02006981396755,35,0.6
476.4526994155428,34,0.6
477.4466220142381,34,0.6
477.6695677049404,35,0.6
479.37769542811236,34,0.6
479.63541923355126,34,0.6
479.6593455727082,35,0.6
479.9191751055111,35,0.6
479.9379549963888,36,0.6
481.04727374787353,35,0.6
481.8520629496581,35,0.6
482.180292376974,34,0.6
483.8655227355651,33,0.6
483.91684750923116,34,0.6
485.4071747769277,33,0.6
485.586628645056,34,0.6
486.30652608694015,35,0.6
486.7737534091673,36,0.6
486.7887060351986,35,0.6
488.8129706074362,36,0.6
489.0299977328541,37,0.6
489.2601372526605,36,0.6
489.31309804632446,37,0.6
489.35764650956196,37,0.6
489.73181530325525,38,0.6
490.46598318741127,39,0.6
490.9918698743491,38,0.6
492.1232444522918,37,0.6
492.2664008815381,37,0.6
493.893744944002,36,0.6
494.8493690926262,37,0.6
494.88597002794813,37,0.6
496.4143163231249,36,0.6
496.68618717333413,36,0.6
497.79504132674145,37,0.6
499.242995330057,36,0.6
499.53197087851004,36,0.6
499.923261700931,37,0.6
0.11984511242224599,1,0.45
0.3934116497430777,0,0.45
0.8986446693284988,1,0.45
1.74721855855255,0,0.45
1.8703566305256565,0,0.45
2.4990577086370562,1,0.45
4.201129541771427,2,0.45
4.280338332365483,1,0.45
5.946561266079875,0,0.45
6.971907315413469,1,0.45
8.134586064801447,0,0.45
8.398428100599563,0,0.45
8.999089610897656,0,0.45
11.748776435476014,0,0.45
11.98259257080705,1,0.45
12.215383369767947,1,0.45
13.215175689896235,0,0.45
13.876759203317732,0,0.45
14.291643374029636,0,0.45
15.149879192061967,0,0.45
15.188988203910938,0,0.45
16.148802836266402,1,0.45
16.666527116020138,0,0.45
18.715791192248908,1,0.45
19.386760569191498,0,0.45
19.452358240541532,0,0.45
22.205128401991864,0,0.45
22.67854636238805,1,0.45
23.55456391875247,0,0.45
23.896017040273478,1,0.45
23.968553546208135,2,0.45
24.15817895245566,1,0.45
24.368611579457305,0,0.45
24.74108405123724,0,0.45
25.024428206840433,1,0.45
25.651779066863508,2,0.45
25.67160599940553,2,0.45
26.157278170061137,2,0.45
26.666231270322836,1,0.45
29.504766834864164,0,0.45
30.709182394858455,0,0.45
31.64527776745076,0,0.45
31.987587280645624,0,0.45
32.31307227875329,0,0.45
32.661994126947654,0,0.45
32.85134486796512,1,0.45
33.00703606626383,0,0.45
33.11039702036031,1,0.45
33.14822941570827,1,0.45
33.54173245649122,2,0.45
34.7700801578599,3,0.45
35.53171141409487,2,0.45
38.215179578797716,1,0.45
39.48287741830734,0,0.45
40.962801594139066,1,0.45
42.0448568588625,2,0.45
42.69504680155639,1,0.45
42.84463070613721,2,0.45
43.13839405324281,2,0.45
44.622580421467354,1,0.45
45.02831564929745,2,0.45
45.93704715463453,3,0.45
46.60653705065098,2,0.45
46.733676434495486,3,0.45
47.190970603511914,3,0.45
47.24305960819435,3,0.45
47.61000523615718,2,0.45
47.94062887649994,2,0.45
48.3060344715338,2,0.45
48.72551574845717,3,0.45
52.48201515218351,2,0.45
53.70669518696594,3,0.45
54.931544718596854,2,0.45
55.22157247640265,2,0.45
57.23667497237071,1,0.45
58.159738222459985,1,0.45
58.47116862525725,0,0.45
59.5111783791769,0,0.45
62.934734598636254,1,0.45
63.458278837376355,0,0.45
63.60983139729123,0,0.45
63.61714104125567,1,0.45
65.02616449496935,0,0.45
66.47195108567031,0,0.45
66.82120371610158,1,0.45
68.36519429449092,0,0.45
68.61775976890266,1,0.45
69.26073298388857,0,0.45
70.79866655879647,0,0.45
71.09949985473509,0,0.45
71.5141792770079,0,0.45
71.72298386729278,0,0.45
71.9848975253159,0,0.45
72.21842568208662,0,0.45
72.44639048633445,0,0.45
73.17986539829988,0,0.45
73.90211907514119,1,0.45
73.90661606621002,2,0.45
76.78431563207793,1,0.45
77.23466412938858,2,0.45
77.28778010629442,1,0.45
78.32653840765636,0,0.45
78.42442828222333,1,0.45
79.16470066274495,0,0.45
79.41280201752221,0,0.45
79.44528356961531,0,0.45
81.22683220898192,0,0.45
85.65486642358583,0,0.45
85.79360747979385,0,0.45
86.11492248070743,0,0.45
86.57658265651133,1,0.45
86.94708368696644,0,0.45
88.07597980990887,1,0.45
88.24450647736776,2,0.45
88.35294822635701,1,0.45
90.20436420805389,0,0.45
91.20900007639827,0,0.45
93.48634656521394,0,0.45
94.21039460516842,0,0.45
95.06792611828791,1,0.45
97.01271192786427,0,0.45
98.3240751362805,0,0.45
99.28352763490633,0,0.45
100.77445066830856,0,0.45
100.9182629213276,0,0.45
102.12131619868336,0,0.45
103.183753116668,0,0.45
103.21041011599986,0,0.45
103.27220406684042,0,0.45
105.17093382675803,0,0.45
106.15224618648567,1,0.45
106.28850689976541,2,0.45
106.67241280335041,1,0.45
107.21825986346934,2,0.45
107.94298695446797,1,0.45
109.27594975677145,0,0.45
110.0954322700198,1,0.45
110.85170146497873,2,0.45
110.93700804610319,1,0.45
111.45020489376078,1,0.45
111.89919074305124,2,0.45
112.79079199341624,3,0.45
112.93670866174362,2,0.45
113.00690882536863,2,0.45
113.62582840738222,2,0.45
114.41566800089534,1,0.45
116.10144702190627,2,0.45
117.35087379763472,1,0.45
117.37910103461398,2,0.45
117.60291118277655,2,0.45
117.96083765900542,2,0.45
118.03899247944629,2,0.45
118.14949357872267,2,0.45
119.86548312211538,1,0.45
120.44885071653735,2,0.45
121.10906161970875,1,0.45
121.51846129584294,1,0.45
121.56801332661044,2,0.45
121.66924350521661,2,0.45
122.0996923233324,2,0.45
122.4788199723693,1,0.45
122.81295298179252,1,0.45
122.82714160825401,1,0.45
124.40656916129146,0,0.45
125.28450219075484,0,0.45
126.68688044168674,1,0.45
126.78710291217578,2,0.45
127.01930031860172,1,0.45
127.1831062790785,1,0.45
127.19785408718357,2,0.45
129.31339896340037,1,0.45
129.91588331023803,1,0.45
130.10998968077962,1,0.45
130.43164077895918,0,0.45
131.26467671844694,0,0.45
131.35668121532834,0,0.45
131.55959840270805,0,0.45
131.5730587268174,1,0.45
132.63866130698884,0,0.45
132.7367955986701,1,0.45
133.15422718732154,0,0.45
133.26431411652305,1,0.45
133.3013418870554,1,0.45
134.43411563129553,2,0.45
135.55966792697527,3,0.45
136.41901054648739,2,0.45
136.52679154990253,2,0.45
136.53592967434693,2,0.45
136.79631564732125,2,0.45
136.91438744831237,3,0.45
137.85202348066514,4,0.45
138.20517280853218,5,0.45
138.69120834110063,4,0.45
140.39586993436305,5,0.45
140.9516152090501,4,0.45
144.69263491352206,5,0.45
144.874477601873,4,0.45
145.36456823749575,5,0.45
145.67161154187332,5,0.45
147.8751395724688,6,0.45
148.43850140924536,5,0.45
149.82461953671822,4,0.45
150.19824823836964,4,0.45
150.2211479635075,5,0.45
150.39274718321647,6,0.45
151.27043442966044,5,0.45
152.9082620308254,4,0.45
152.95943548964487,5,0.45
153.26523075323408,5,0.45
153.45356501045788,5,0.45
153.7026867407773,5,0.45
154.27988788195677,4,0.45
154.76182135602514,4,0.45
154.82011809808324,4,0.45
157.33493234272217,3,0.45
159.12308354868475,2,0.45
159.180971460588,2,0.45
159.29010812897033,2,0.45
159.45544253740877,2,0.45
160.5391543591404,1,0.45
163.14006298072084,0,0.45
163.18958478023737,1,0.45
164.3250050992271,0,0.45
164.80730128923233,0,0.45
165.17288007986522,0,0.45
165.72162390328785,0,0.45
165.89684029918504,0,0.45
166.09080650593842,0,0.45
166.898853934093,1,0.45
167.26735019553035,0,0.45
168.47550346180878,0,0.45
168.59350904256928,1,0.45
169.0162341136746,0,0.45
172.04578064250234,0,0.45
172.25468670119636,1,0.45
172.57346319693917,2,0.45
173.390012604992,1,0.45
175.11456985190603,0,0.45
176.2478277546222,1,0.45
176.5354048960115,2,0.45
176.59695178772336,1,0.45
176.59732545669456,1,0.45
176.8097580670346,1,0.45
177.0417111068309,2,0.45
179.13364939297722,1,0.45
179.13736019224254,1,0.45
180.276619478778,2,0.45
182.6874587778503,1,0.45
183.34068148152215,2,0.45
183.96760804259245,1,0.45
184.3406581286578,2,0.45
184.85048231609176,2,0.45
185.37807335734422,1,0.45
185.94525029052184,2,0.45
186.13437262535123,2,0.45
186.6224777616224,3,0.45
189.5089554726146,2,0.45
191.96315383668227,1,0.45
193.749080871685,0,0.45
194.30162423849774,0,0.45
197.87157537878826,0,0.45
198.06661438883393,0,0.45
198.30746217296758,0,0.45
198.75658608955857,0,0.45
200.2164980793227,0,0.45
200.51082001501618,1,0.45
200.52845898555583,1,0.45
201.2623374152469,0,0.45
201.880217302481,1,0.45
202.25241106298657,2,0.45
203.33321690157476,1,0.45
203.54497563837776,1,0.45
204.03761173961138,1,0.45
205.71076676287043,0,0.45
206.9927376605431,0,0.45
207.48839246785022,0,0.45
207.9708055689782,0,0.45
208.2833476015573,0,0.45
208.35782756746428,0,0.45
209.31888572145644,0,0.45
209.39568140209528,1,0.45
210.45114600152925,0,0.45
211.32384943938274,0,0.45
211.50367359293801,1,0.45
211.8720887809341,2,0.45
213.84937812043484,1,0.45
213.96221744522387,1,0.45
214.3482194915217,2,0.45
215.33158201943584,1,0.45
215.52590792445645,1,0.45
215.59753839744195,1,0.45
217.50316260330976,2,0.45
217.6270760369722,1,0.45
218.8604884824464,2,0.45
219.76619755545647,1,0.45
220.29426046464272,2,0.45
221.6468783531917,1,0.45
221.7396496954944,2,0.45
222.84923275956427,1,0.45
223.03343280702427,1,0.45
223.75192376142672,1,0.45
223.9342231791219,0,0.45
223.96994082137317,0,0.45
227.04967487822995,1,0.45
228.10187346375565,2,0.45
228.64700000602195,3,0.45
231.90243536640992,2,0.45
232.35767944700655,2,0.45
232.8099196214879,2,0.45
233.0387163226557,3,0.45
233.35092062418587,3,0.45
233.92737393402464,2,0.45
233.9651273795375,2,0.45
234.52636161762425,3,0.45
234.9190625560348,3,0.45
235.93360642456307,4,0.45
235.95437000466927,3,0.45
237.30529948140065,2,0.45
237.5813249910634,2,0.45
238.18323083626018,3,0.45
240.06176015022018,2,0.45
240.17028526223552,2,0.45
240.2501695955332,2,0.45
240.73975160011634,2,0.45
241.81931754725426,1,0.45
242.3694680531943,1,0.45
242.7250397287898,2,0.45
243.0196198143538,3,0.45
243.72428683734768,4,0.45
244.8549724394684,3,0.45
244.90482361572518,3,0.45
245.47924883713355,3,0.45
247.54010996323998,2,0.45
247.82913684830163,3,0.45
248.50444149224796,3,0.45
248.51030954380278,3,0.45
248.5109078638909,4,0.45
249.7701205600501,5,0.45
250.19754211553868,6,0.45
251.9668160942836,7,0.45
252.68505239714415,6,0.45
252.97392455406455,6,0.45
254.65425844818574,5,0.45
255.2824232607926,5,0.45
257.0965132218871,4,0.45
257.2290694380749,4,0.45
257.2954635500391,4,0.45
257.4947605396989,5,0.45
257.68468456287053,6,0.45
257.8515790610908,6,0.45
258.45581141052406,5,0.45
258.77785425042055,6,0.45
259.43576899669915,6,0.45
259.87378590808044,7,0.45
260.17120704045215,6,0.45
260.6619077059444,7,0.45
261.0027051517853,7,0.45
261.784953929767,8,0.45
264.5033875408438,7,0.45
264.93124455937146,7,0.45
265.6822328160147,6,0.45
265.9109121283184,7,0.45
265.9232762542768,7,0.45
267.1515544417351,6,0.45
268.649772379781,5,0.45
269.2050627244305,5,0.45
270.9614948523424,4,0.45
271.2175842084335,5,0.45
271.3189987390447,6,0.45
271.9996797568618,7,0.45
272.37624148759977,6,0.45
273.9968909734302,5,0.45
276.18572198694096,4,0.45
276.4883120819473,5,0.45
277.5284460118639,4,0.45
277.7994028297933,4,0.45
278.9099203399416,3,0.45
279.5026308938416,3,0.45
279.61545118354445,3,0.45
279.683526497574,4,0.45
280.0544106552548,3,0.45
280.77987105995584,4,0.45
280.8228874598027,5,0.45
281.08285123164836,6,0.45
283.4958329905896,5,0.45
283.5797600038288,5,0.45
283.6423126541934,5,0.45
284.4839888724013,5,0.45
286.9780448053314,4,0.45
288.32493496845336,5,0.45
288.4760628846042,6,0.45
288.68398469494963,5,0.45
288.8432383530362,6,0.45
289.31928068258236,7,0.45
291.05549614868994,6,0.45
291.2306006548045,6,0.45
292.22462066246555,5,0.45
292.2793580266234,6,0.45
292.43503726521055,6,0.45
293.0663158214794,6,0.45
294.33098111961584,5,0.45
294.90082219049003,6,0.45
295.2266102382171,6,0.45
296.03577173760567,5,0.45
296.5576258657132,6,0.45
296.61924997211634,7,0.45
298.67613957496604,6,0.45
299.3559872569369,6,0.45
299.7362759444479,5,0.45
301.72336950016063,4,0.45
301.8304958838922,5,0.45
301.9284526835029,5,0.45
302.0424229581823,5,0.45
302.9742020845388,4,0.45
302.98476644093057,4,0.45
303.347114746386,4,0.45
303.73127906790893,4,0.45
304.1627908456267,3,0.45
305.09769478977745,3,0.45
305.1678073818101,2,0.45
305.80127401005444,3,0.45
306.565711359269,2,0.45
306.7087439107247,2,0.45
307.9988435890261,3,0.45
308.3020667286014,2,0.45
308.6653411020434,2,0.45
308.8543366444096,3,0.45
309.3870243537185,4,0.45
310.4024220295362,3,0.45
311.1351741298512,4,0.45
311.55795347661933,3,0.45
311.6636086952075,2,0.45
312.9880756619242,3,0.45
313.7091239198121,2,0.45
314.64153486388574,2,0.45
316.9691806979095,1,0.45
316.97674445227915,1,0.45
317.11326931680014,1,0.45
317.24994086519456,1,0.45
317.275167721738,1,0.45
317.8774955036894,1,0.45
318.126909103841,0,0.45
319.3464791297843,0,0.45
320.45338863462746,0,0.45
320.6575896076569,1,0.45
320.6864475665467,1,0.45
321.4848130266821,2,0.45
321.97468787505727,3,0.45
323.20698236007235,2,0.45
323.5285294910256,2,0.45
325.61663945615146,3,0.45
325.7863031828006,4,0.45
326.1364765573621,5,0.45
326.71658812859897,6,0.45
326.7311760638075,5,0.45
327.1841588401764,5,0.45
327.9010430474934,4,0.45
328.4955418294407,4,0.45
329.28220983792187,3,0.45
329.99874826058374,3,0.45
330.0549730745839,3,0.45
330.46331466048497,2,0.45
330.6136111489939,2,0.45
330.8649739560912,2,0.45
332.5695692551436,1,0.45
332.7918955190904,1,0.45
333.79529204740953,0,0.45
334.13139777072575,1,0.45
334.6414547123064,0,0.45
336.4088587356977,0,0.45
336.79305856276767,0,0.45
337.32313378165986,0,0.45
338.40508004249574,0,0.45
338.9381114524759,0,0.45
340.71086852340454,1,0.45
344.29895523973005,0,0.45
344.99821887674335,0,0.45
346.14268399979056,0,0.45
346.7307502045695,0,0.45
347.7246893466941,1,0.45
347.7597538576502,2,0.45
348.59569843208016,1,0.45
350.3302886814011,2,0.45
350.7619297159848,1,0.45
351.956866659954,2,0.45
353.14721792334194,1,0.45
353.9528213190983,2,0.45
354.08050081304987,3,0.45
355.02412717223217,2,0.45
355.56313228755005,3,0.45
356.893816724875,2,0.45
357.0255710210494,2,0.45
357.2003529172311,2,0.45
357.4031760514811,2,0.45
357.44338727589286,2,0.45
360.28617634627875,1,0.45
361.1580502831666,1,0.45
361.87104153931915,0,0.45
362.0024028978105,0,0.45
362.9878418634451,0,0.45
363.0725906879897,0,0.45
363.86794446079875,0,0.45
366.10095425532654,0,0.45
366.5402884798653,1,0.45
367.7202533839656,0,0.45
368.10372044469,0,0.45
368.3525572175175,0,0.45
368.89687491264937,1,0.45
369.1404329907588,0,0.45
370.2957187309275,1,0.45
371.1306035775058,0,0.45
371.4837397578854,1,0.45
372.4588313657422,0,0.45
372.63503236853654,0,0.45
372.91643286591824,0,0.45
373.5396306267095,0,0.45
374.43260842717734,1,0.45
376.17101070446927,2,0.45
376.65110529491045,1,0.45
377.3949574251797,0,0.45
377.72987391224257,1,0.45
378.312829162383,0,0.45
378.644806833628,1,0.45
378.87124407432486,0,0.45
379.16814873597735,0,0.45
379.95553438028327,0,0.45
381.18270142547294,0,0.45
382.2590223963039,0,0.45
382.84870654032534,0,0.45
382.99265929182286,1,0.45
383.2557797663174,1,0.45
383.51410346922256,2,0.45
385.35802016263267,1,0.45
385.5853989729396,1,0.45
387.5338074125496,0,0.45
387.67080477171186,0,0.45
388.48999287772534,0,0.45
388.6501580162358,0,0.45
388.8684091412063,0,0.45
388.89389084387835,0,0.45
389.02926741337666,0,0.45
389.49243212847733,1,0.45
389.8103032464912,2,0.45
390.2030122293038,1,0.45
390.60987366910473,1,0.45
395.6199846956796,0,0.45
395.8129660920768,0,0.45
395.9638083293753,0,0.45
396.0020872985567,0,0.45
396.68013360087417,0,0.45
397.09891655451077,0,0.45
397.43088006822893,0,0.45
397.9455392734369,0,0.45
398.27915661881394,1,0.45
398.39893868449207,2,0.45
400.160250235347,1,0.45
400.18809949100387,1,0.45
400.33870895616764,2,0.45
401.53127477120336,1,0.45
401.5697950144758,1,0.45
402.33681020174834,1,0.45
402.39607402918307,1,0.45
403.0978718704909,2,0.45
403.45865588429416,1,0.45
404.5264147666924,0,0.45
404.5339744284071,1,0.45
404.87556746549956,1,0.45
405.00319298819335,1,0.45
405.0191000956708,1,0.45
405.4763877952295,2,0.45
406.04944350157456,3,0.45
407.4243382851185,2,0.45
408.24990478231604,2,0.45
408.25185292633967,3,0.45
408.54472209854083,2,0.45
408.95597738537987,3,0.45
409.1604699712831,3,0.45
409.2976799576762,3,0.45
409.85742545693205,4,0.45
412.5463308797177,5,0.45
413.83133704823445,4,0.45
413.89593876254423,4,0.45
413.9453200125286,5,0.45
414.082940793058,6,0.45
414.24581766298047,6,0.45
414.2747905124272,6,0.45
414.8863084871732,5,0.45
415.91561489037304,4,0.45
416.4538041698534,5,0.45
416.80226112275477,6,0.45
416.8468374336794,6,0.45
416.96536590411927,5,0.45
417.0340659687243,6,0.45
417.0451824538907,7,0.45
420.3793504662092,6,0.45
421.50300036870084,5,0.45
421.5841404766635,5,0.45
424.78850269689775,4,0.45
425.2754537518544,4,0.45
425.99588776768314,3,0.45
426.01893798758636,3,0.45
428.96686996827754,4,0.45
430.3056295602466,3,0.45
431.70801397821816,2,0.45
432.1795037178877,2,0.45
432.37427472081055,2,0.45
432.952032786475,1,0.45
433.30686773270224,2,0.45
433.9384806699284,3,0.45
434.4387894462043,2,0.45
434.5656673375606,2,0.45
435.84401986257313,1,0.45
435.9947924320999,1,0.45
437.2151587683047,0,0.45
437.33473553378917,1,0.45
437.814854569028,2,0.45
438.5720708546785,1,0.45
439.16149446485963,2,0.45
439.2694469924102,3,0.45
439.66079487965067,3,0.45
439.908582103076,3,0.45
440.05951218514696,3,0.45
440.47388111321277,4,0.45
440.6341050292986,3,0.45
441.3269701828856,4,0.45
442.13859525834687,3,0.45
442.4420163015481,3,0.45
443.9096358513714,2,0.45
445.321260442847,3,0.45
445.86671182625355,4,0.45
446.09415239362363,3,0.45
446.78867939386464,3,0.45
447.93880810822134,2,0.45
449.01783536435045,1,0.45
449.98183825022267,1,0.45
450.8399142591096,2,0.45
451.09120098480656,1,0.45
451.13707194391225,2,0.45
451.6212758535474,2,0.45
451.91017432241887,2,0.45
452.05390185083644,2,0.45
452.32750049031887,1,0.45
452.84407515373186,2,0.45
453.3807872264841,1,0.45
454.047543572392,2,0.45
454.9645293290251,1,0.45
455.6674755043261,2,0.45
455.7298688026255,3,0.45
456.0324088167325,4,0.45
456.7597343601022,3,0.45
457.24511438196134,3,0.45
458.10210867635897,2,0.45
458.3022911125992,2,0.45
458.8037933740462,3,0.45
459.99577612930494,2,0.45
460.5469170553131,2,0.45
460.5665904581571,3,0.45
461.0915024875735,2,0.45
461.22080998919074,3,0.45
462.0520426054431,3,0.45
462.9761588627262,2,0.45
463.9112653353869,2,0.45
463.9161265793545,3,0.45
466.75518981709473,4,0.45
467.03080620154515,3,0.45
467.4775799608148,3,0.45
467.77535989732445,3,0.45
468.42527798005153,4,0.45
468.4539179959857,3,0.45
469.90197107542446,2,0.45
470.4100442154235,2,0.45
472.383442606136,1,0.45
473.5627986897314,0,0.45
474.3481927650231,1,0.45
474.47845069947317,0,0.45
476.11723769740615,1,0.45
476.48028163255145,2,0.45
476.61750289112575,1,0.45
477.2678276486216,1,0.45
477.39404456036027,2,0.45
479.3520638119657,1,0.45
479.39230191146464,1,0.45
480.86623076803346,2,0.45
481.81387217219685,3,0.45
482.87956657241836,2,0.45
484.9076435044948,3,0.45
485.0484954827518,2,0.45
485.7958446601968,3,0.45
486.2452626453306,4,0.45
486.5796403103856,3,0.45
487.1368293937376,3,0.45
487.66074150937607,2,0.45
487.7723204626549,2,0.45
488.5561764969838,2,0.45
489.3243074432165,3,0.45
489.849425524665,2,0.45
490.43481730746834,2,0.45
491.0070087263677,1,0.45
491.96254102259775,2,0.45
494.0629717025666,3,0.45
494.7341874298962,2,0.45
495.42376389225575,2,0.45
496.25587442614625,1,0.45
496.708312265411,1,0.45
497.42448271709327,0,0.45
498.0016033691975,1,0.45
498.56117512465113,0,0.45
499.32505068225987,0,0.45
499.337296441499,1,0.45
