time,height_delta,beta
3.9820429245318323,0,0.225
4.746530982911151,1,0.225
8.071067694872657,0,0.225
16.14904533786457,1,0.225
18.03977120591771,0,0.225
19.07405884543758,0,0.225
19.622974999751488,0,0.225
21.54670207629838,1,0.225
29.512987699115193,2,0.225
34.59156960867995,3,0.225
39.314790220635,4,0.225
40.42368510141522,5,0.225
40.81220543422448,6,0.225
41.151584160785035,7,0.225
42.83446194730874,8,0.225
44.635347171711615,9,0.225
47.42224858308309,8,0.225
48.118473388757316,9,0.225
50.103277436015325,8,0.225
51.49298777192707,8,0.225
51.96412993513265,8,0.225
52.52282482427002,7,0.225
53.97769465223748,7,0.225
54.11119458789932,7,0.225
55.303412461892236,8,0.225
55.71633916588201,9,0.225
65.20966730171024,10,0.225
67.26350532976186,9,0.225
68.53433517836153,9,0.225
71.57290993196366,8,0.225
73.38613477514899,9,0.225
74.23341331913441,8,0.225
76.16792033188197,8,0.225
79.01873755165987,9,0.225
79.79203621354037,8,0.225
83.66944570511068,7,0.225
84.21735024866852,8,0.225
86.7044523162038,9,0.225
91.76214454795584,8,0.225
92.18915291105904,9,0.225
99.12912258183287,10,0.225
101.79881114304624,9,0.225
103.60932080782753,10,0.225
103.64010299526464,10,0.225
104.79381417674118,9,0.225
105.92951108877195,9,0.225
109.76819072007154,8,0.225
114.86373078792766,9,0.225
117.8901051026917,8,0.225
118.3274902627165,9,0.225
122.72780158741378,10,0.225
124.99993617193911,11,0.225
125.33644602358322,10,0.225
128.73614026067872,9,0.225
129.0607838866254,9,0.225
133.07737389670802,8,0.225
134.51956435472508,9,0.225
135.5071935840486,8,0.225
135.50865431735394,9,0.225
141.32062096853767,8,0.225
143.58375127149495,9,0.225
143.58418012717243,8,0.225
144.78328770393745,8,0.225
147.0724095310592,9,0.225
148.0264367073487,8,0.225
149.4155584845825,8,0.225
150.08050992977152,9,0.225
150.6499152986976,10,0.225
151.05599913783158,11,0.225
152.87636737334387,10,0.225
154.8928730607071,11,0.225
155.86451913357376,10,0.225
157.03524023414298,11,0.225
157.07813888509583,11,0.225
158.7456916061772,10,0.225
160.06060850728173,11,0.225
160.21134881546772,11,0.225
160.4438844252582,12,0.225
160.58950376670433,12,0.225
162.94964436914026,11,0.225
164.54876203242867,12,0.225
167.47111156327261,11,0.225
174.61214622422915,12,0.225
179.05807405150637,11,0.225
183.06511048988676,10,0.225
184.77090410930953,10,0.225
186.56414698716785,9,0.225
186.64041877309472,9,0.225
188.18358230052053,9,0.225
190.49845800972582,8,0.225
190.50026385142627,8,0.225
190.69737003984474,8,0.225
191.9051732530899,9,0.225
192.25715366252604,10,0.225
193.63336966199353,11,0.225
194.39913993635804,12,0.225
197.37510983758898,11,0.225
204.86625589495767,10,0.225
205.31875667427488,11,0.225
209.34562940086613,10,0.225
209.77994225522647,10,0.225
210.55744697925007,11,0.225
211.62571090116683,12,0.225
215.99502223188367,13,0.225
217.53391395813756,12,0.225
222.02366007817122,11,0.225
224.02055460555005,10,0.225
228.4838139393849,11,0.225
230.04002238690185,12,0.225
232.76469673772908,13,0.225
235.86007463849046,14,0.225
237.84783521352324,13,0.225
238.73925826122303,14,0.225
239.44292279546798,15,0.225
239.65381453620498,16,0.225
240.64625115245858,15,0.225
240.97188187874434,16,0.225
243.12672975874767,15,0.225
246.3526178380467,16,0.225
247.62331604602264,15,0.225
249.40867971555883,15,0.225
249.42072699338453,16,0.225
250.5389936108655,15,0.225
255.1136084877355,14,0.225
257.1746209232445,15,0.225
261.284284510405,16,0.225
266.919221767709,15,0.225
269.67649021792334,14,0.225
272.02100290638253,15,0.225
278.6985607953775,14,0.225
279.37168385234054,15,0.225
279.99773712244036,16,0.225
281.5523559817715,17,0.225
286.95775650057357,18,0.225
288.0109069095758,17,0.225
289.20441944837023,18,0.225
290.76116179450054,19,0.225
290.91953195282684,18,0.225
292.7241415522194,19,0.225
299.41635912425164,18,0.225
299.4915756969844,18,0.225
299.7928510594544,18,0.225
305.72448134959774,19,0.225
306.73686966054277,18,0.225
307.1289481593267,19,0.225
307.57792169109604,19,0.225
309.2788877084908,18,0.225
311.15987705914637,19,0.225
320.58892929970375,18,0.225
322.01626568260383,19,0.225
330.53969125390057,18,0.225
332.91940137003974,19,0.225
340.49852548704644,20,0.225
340.80919472881124,21,0.225
344.28331787867955,20,0.225
344.4831161582613,20,0.225
346.0122119698941,20,0.225
347.40352663081467,21,0.225
350.99019419861213,22,0.225
351.1742161790594,21,0.225
353.66077446922446,20,0.225
355.4854498209854,21,0.225
355.8869417527249,20,0.225
356.63213532106636,21,0.225
359.79391772673733,20,0.225
361.1364182759667,21,0.225
365.1614672306508,22,0.225
366.629959636983,21,0.225
367.30380424925636,21,0.225
368.2198380593695,21,0.225
369.12429736688074,20,0.225
373.24604441249795,21,0.225
374.08609083189316,20,0.225
375.3779379510883,20,0.225
382.0212863841768,19,0.225
383.5667785513169,19,0.225
383.60445704097367,19,0.225
387.2686165696548,20,0.225
391.76997248330565,19,0.225
400.72733146555896,20,0.225
401.69517061066233,19,0.225
403.28927044411523,20,0.225
404.33819766476904,21,0.225
404.7135126264129,20,0.225
406.30561694497385,20,0.225
406.4829511847244,20,0.225
406.49390103437497,20,0.225
407.63955771141497,21,0.225
414.35007954858963,20,0.225
414.6450394085701,20,0.225
417.1018032669962,21,0.225
417.5285278966124,20,0.225
418.9875124597676,20,0.225
420.6497652137805,21,0.225
421.3107148297878,20,0.225
423.35173482290344,19,0.225
426.72937375180527,20,0.225
428.4872727581685,19,0.225
428.8916799353483,20,0.225
429.79712070054063,21,0.225
431.5532488733995,22,0.225
432.78124861544353,23,0.225
433.1793226632525,22,0.225
437.5175547343618,21,0.225
437.966127674818,22,0.225
440.9619658694256,23,0.225
441.02464856782154,24,0.225
442.0154872643723,23,0.225
446.27628954423227,22,0.225
449.87548186361914,23,0.225
450.3138237615831,24,0.225
451.2635214343523,23,0.225
452.9782592096791,24,0.225
453.02700316162577,24,0.225
454.6482634332742,23,0.225
457.24672656255444,22,0.225
458.4058034083532,23,0.225
459.9371019369241,22,0.225
460.163375605479,23,0.225
463.1993257908424,22,0.225
465.01626894773915,23,0.225
465.9457530933863,24,0.225
469.8068530192632,23,0.225
471.0725349599305,23,0.225
476.84147365522904,22,0.225
477.2511520275067,23,0.225
481.40838223519165,22,0.225
482.84280352655844,23,0.225
482.86389596728355,23,0.225
484.7883050032992,22,0.225
488.1798635405555,23,0.225
488.60212005864923,24,0.225
489.7596331154152,23,0.225
489.9537563626095,24,0.225
491.4198947098954,24,0.225
493.85488885264215,23,0.225
495.0340204641479,24,0.225
496.78436054170885,25,0.225
498.9862189303154,24,0.225
503.9815170439825,25,0.225
506.46819641486826,24,0.225
506.8002713263756,24,0.225
507.6459742412725,24,0.225
507.9557895726017,25,0.225
508.5069769649341,26,0.225
511.80851743615375,27,0.225
512.7115859907835,28,0.225
513.8869964765977,27,0.225
514.1808996498853,28,0.225
514.4521031865753,29,0.225
515.1345961794332,30,0.225
515.2069059131546,30,0.225
515.8834618319707,31,0.225
518.9499104687703,30,0.225
523.5456723685929,29,0.225
528.1036812192696,28,0.225
528.510119223902,29,0.225
530.6698495547495,28,0.225
530.8228563664512,28,0.225
532.437059434403,28,0.225
533.7605852166619,29,0.225
535.2162119059412,28,0.225
540.441268795875,29,0.225
540.8794080593048,28,0.225
543.3770350460404,27,0.225
543.7741426754978,28,0.225
545.5946532972841,29,0.225
550.5323950472498,28,0.225
552.4634344074401,28,0.225
556.739135126176,27,0.225
557.0803480020397,27,0.225
558.453929065728,28,0.225
563.3130224018784,27,0.225
563.9226121149529,28,0.225
564.9259294036483,28,0.225
565.83989584357,27,0.225
567.9545794509243,26,0.225
573.3150888015,25,0.225
579.8661257672767,26,0.225
580.4351708310614,27,0.225
581.6106689466106,26,0.225
588.1242777389431,25,0.225
589.9596440706907,26,0.225
591.0960974371477,25,0.225
593.8513217399602,26,0.225
599.2465822674017,27,0.225
605.7246843089804,28,0.225
605.8804835252477,29,0.225
609.1171462278087,28,0.225
611.4847741861906,27,0.225
624.5538867997477,28,0.225
626.3436978817743,29,0.225
631.0021270273426,28,0.225
631.8586708882273,29,0.225
633.0017473061511,29,0.225
641.4047772288932,30,0.225
641.4292025810489,31,0.225
644.2793697004855,30,0.225
646.2664313533579,31,0.225
646.5833317971724,32,0.225
646.7899480968575,33,0.225
650.7250784630769,32,0.225
650.8057923653618,32,0.225
658.4806260310327,33,0.225
661.2584494206204,34,0.225
661.5708783180521,33,0.225
667.7860038187862,32,0.225
668.9720292750428,32,0.225
673.7399161577416,31,0.225
676.0558286029225,30,0.225
679.3743351641807,29,0.225
679.9556197612329,30,0.225
685.1414777616785,29,0.225
688.3506099285106,30,0.225
690.3118495910652,29,0.225
690.8029756832648,29,0.225
690.8045122119906,29,0.225
692.8483308930437,28,0.225
694.6275299118901,29,0.225
696.756705365972,28,0.225
698.2930281301963,29,0.225
699.0708077009946,28,0.225
700.3393896706921,29,0.225
701.9213665946874,28,0.225
702.6915100185538,28,0.225
702.7198664308612,29,0.225
706.6729548183844,30,0.225
707.3476640143194,29,0.225
708.8446927667641,30,0.225
720.6458680318815,31,0.225
721.3879482164277,32,0.225
723.3991569013449,31,0.225
728.4672018387076,30,0.225
728.7675350953056,30,0.225
729.3961112890631,31,0.225
729.418204384247,32,0.225
732.6170106419784,31,0.225
733.2721771254025,31,0.225
733.8526126539981,32,0.225
733.8577147282491,32,0.225
735.8383470799928,33,0.225
735.9627248230544,34,0.225
739.4901911957007,35,0.225
742.4328336756245,34,0.225
742.8295855372809,34,0.225
744.59322962152,33,0.225
745.8564276885942,34,0.225
747.784290255441,33,0.225
748.2725968468807,33,0.225
750.5917364908179,34,0.225
751.9847643603532,35,0.225
753.8524297308726,36,0.225
755.9732664924471,35,0.225
758.8849945234393,36,0.225
763.623694782092,37,0.225
764.2292466104881,36,0.225
764.4327101480751,37,0.225
764.9496185235515,38,0.225
767.7246480511416,39,0.225
768.2378395464874,38,0.225
772.693258022223,37,0.225
775.6296456512902,36,0.225
775.6413122551929,37,0.225
776.3493312818653,37,0.225
783.8626695930672,38,0.225
786.6349673021306,39,0.225
787.252516472973,38,0.225
789.4913582586922,37,0.225
795.6882248913276,38,0.225
795.9353216914891,37,0.225
795.9396825663357,38,0.225
795.9668047613904,38,0.225
796.4935321496838,38,0.225
798.9355546498261,39,0.225
799.3476289285124,40,0.225
799.4892184123335,41,0.225
805.1555528826894,42,0.225
816.078282048186,41,0.225
818.4325761547693,42,0.225
818.8805291762872,41,0.225
819.0164432685675,41,0.225
823.4007844400796,40,0.225
823.5913994745065,40,0.225
824.760143916859,40,0.225
825.4708235929143,41,0.225
827.035419259932,42,0.225
828.65801601364,41,0.225
829.6150200993914,41,0.225
830.7923192633402,40,0.225
833.0421217566634,39,0.225
833.539402161869,40,0.225
835.41631197425,39,0.225
837.6114158666928,40,0.225
838.4723108845694,41,0.225
839.356405615836,42,0.225
839.3765077803124,43,0.225
840.3342716755446,44,0.225
844.0760343858891,43,0.225
846.9498746745445,44,0.225
853.7249121198381,45,0.225
853.9328356887684,44,0.225
855.3307081339216,44,0.225
859.2039955261635,43,0.225
863.9318637089519,42,0.225
864.1838137559154,42,0.225
865.2627739283291,42,0.225
865.3793887317073,43,0.225
865.7558290423099,43,0.225
867.8207027581248,42,0.225
869.9227338310583,41,0.225
874.009757280206,40,0.225
875.559248043191,41,0.225
878.0256853093595,42,0.225
883.4814296942097,41,0.225
886.462905388036,42,0.225
888.9808741669436,41,0.225
890.2260830499022,42,0.225
890.3744018371241,42,0.225
895.4864174865786,41,0.225
897.6664517496068,40,0.225
900.3607950544352,39,0.225
902.4739962789132,38,0.225
903.7890922766512,38,0.225
905.6382372882522,39,0.225
906.0651990354934,40,0.225
910.6002261822933,39,0.225
911.2317495766899,40,0.225
911.3174717455477,40,0.225
913.4003682040664,41,0.225
913.9401658338294,42,0.225
917.8117839554103,41,0.225
918.5046040271691,42,0.225
919.2417310286722,43,0.225
921.6305439237805,42,0.225
924.3896999560606,41,0.225
924.8114322116174,41,0.225
929.6687663234223,42,0.225
933.6130332706857,43,0.225
935.6864146953227,44,0.225
936.0856380353335,43,0.225
936.3356808828019,44,0.225
938.8730694893886,43,0.225
940.9536168065666,42,0.225
942.3201677746724,41,0.225
944.4323013081597,42,0.225
945.7513876169616,41,0.225
946.608298390893,41,0.225
949.2415605688406,42,0.225
949.6646672379666,41,0.225
949.9841574125301,42,0.225
950.6345448765409,42,0.225
950.8063698528548,42,0.225
952.3094793257065,41,0.225
953.4246218833929,41,0.225
954.4133911939316,42,0.225
955.2085576754037,41,0.225
956.198415586104,41,0.225
956.4357459455334,41,0.225
957.5526990602913,40,0.225
959.4255866001915,40,0.225
960.0376021448473,41,0.225
963.4598749638191,42,0.225
965.6687801532905,43,0.225
967.9463997645062,44,0.225
971.4078840434534,43,0.225
973.0883002437464,43,0.225
980.3043801045347,42,0.225
981.4258410321647,42,0.225
982.2563767114636,42,0.225
989.5470050464186,41,0.225
991.7620635565779,40,0.225
993.1301298029523,41,0.225
994.7712013907292,40,0.225
997.198424062596,39,0.225
1003.6222613820258,38,0.225
1005.3287048852425,39,0.225
1006.172039455256,38,0.225
1006.7997926076266,38,0.225
1010.9591833072535,37,0.225
1011.3948270552041,37,0.225
1011.46352221541,37,0.225
1015.5360031698613,38,0.225
1017.5233930025067,39,0.225
1019.3090084062319,40,0.225
1021.0647252190707,41,0.225
1022.533529249137,40,0.225
1027.3334877733419,41,0.225
1032.4594212106665,40,0.225
1033.9853551203691,40,0.225
1041.0831332469959,39,0.225
1041.193060058072,39,0.225
1044.959822802464,40,0.225
1045.6408554310067,39,0.225
1045.8647520940788,40,0.225
1046.9617067542015,41,0.225
1048.1699490089218,40,0.225
1050.4050370323503,39,0.225
1050.7384889129378,39,0.225
1051.2244945452512,39,0.225
1056.1233915227806,40,0.225
1056.82675105862,39,0.225
1056.971234855345,39,0.225
1057.7431810322469,39,0.225
1058.7378766558734,40,0.225
1061.2742038196595,39,0.225
1062.3269893014372,39,0.225
1063.636704566202,38,0.225
1064.0006755388526,39,0.225
1064.2054609451786,39,0.225
1064.207675475071,39,0.225
1065.1485505364735,39,0.225
1066.8865204838078,38,0.225
1068.2614898677691,38,0.225
1071.6475187205374,39,0.225
1073.6255627525447,40,0.225
1076.3346108316273,41,0.225
1076.6538931663945,40,0.225
1078.6673995263493,41,0.225
1079.4231448008488,40,0.225
1081.2014960419929,40,0.225
1082.0015386641085,39,0.225
1083.9438068424267,40,0.225
1086.6140611095504,39,0.225
1089.2735388342992,38,0.225
1090.655849526637,39,0.225
1090.6912280090112,39,0.225
1092.6133575740075,40,0.225
1095.5985229842665,41,0.225
1095.797633166504,40,0.225
1097.1482483514492,41,0.225
1098.8496551519852,40,0.225
1099.2394508454295,41,0.225
1101.2993847987352,42,0.225
1103.1562798360776,41,0.225
1104.1201058548693,42,0.225
1106.0627322925793,41,0.225
1107.7751238089224,42,0.225
1110.6803082881563,41,0.225
1112.7221144514815,40,0.225
1113.8500127613027,40,0.225
1114.9850947228435,41,0.225
1119.28955715925,42,0.225
1119.2998677642258,41,0.225
1119.3819744303312,42,0.225
1122.5782779982042,43,0.225
1126.2493487209676,42,0.225
1126.4616919832863,43,0.225
1131.4558485227817,42,0.225
1134.6407473808358,41,0.225
1137.9824830507998,42,0.225
1139.2588728610783,41,0.225
1145.0096985974149,42,0.225
1145.0426095250216,41,0.225
1150.2535471497936,40,0.225
1150.407407761605,41,0.225
1154.5534043638645,42,0.225
1156.67930035777,43,0.225
1159.8211667179153,44,0.225
1162.6058169801688,43,0.225
1162.9188423152739,43,0.225
1163.1685708438813,43,0.225
1164.7527002089387,44,0.225
1166.4271209930316,45,0.225
1166.882930131707,46,0.225
1169.4010556361409,47,0.225
1170.2963637839418,48,0.225
1176.2089631840354,47,0.225
1176.243317240505,47,0.225
1176.5908408167618,47,0.225
1177.654563718531,47,0.225
1180.9177118823588,46,0.225
1185.013056760287,47,0.225
1190.9957398840234,48,0.225
1192.3071582943624,49,0.225
1193.2234765580702,48,0.225
1193.7573545930354,48,0.225
1194.1362304221605,48,0.225
1195.2510037293666,47,0.225
1195.3714651773644,48,0.225
1196.936394429623,48,0.225
1200.431346603027,47,0.225
1200.9336129157373,47,0.225
1202.557297893926,48,0.225
1202.670554200964,49,0.225
1203.755586402644,48,0.225
1206.4568538651624,49,0.225
1207.0491696896984,48,0.225
1209.154033770449,49,0.225
1215.9653352239468,50,0.225
1216.6594149719456,49,0.225
1216.6924699258154,49,0.225
1219.909111604382,50,0.225
1219.9618381787511,51,0.225
1226.4340211772794,50,0.225
1229.2598287888038,49,0.225
1233.612854202457,48,0.225
1234.6992145352583,48,0.225
1240.3758291414188,47,0.225
1242.5374161424193,46,0.225
1243.8640282171993,47,0.225
1245.8888894868148,48,0.225
1249.7876901995846,47,0.225
1249.9172258608403,47,0.225
1252.2216952099413,48,0.225
1256.9811549523527,47,0.225
1262.0620855216912,48,0.225
1265.0091289272802,49,0.225
1265.8314092821424,48,0.225
1266.3879050007865,48,0.225
1268.5289696734937,49,0.225
1279.5236014125833,48,0.225
1285.140635600921,47,0.225
1286.3253979798171,47,0.225
1286.4955858509259,48,0.225
1293.066158605977,47,0.225
1294.6577090698743,48,0.225
1297.9388594243962,47,0.225
1297.9954748214313,47,0.225
1300.1077922752133,46,0.225
1300.3923430521575,46,0.225
1300.788893843087,47,0.225
1303.8729463599873,46,0.225
1305.701652957068,47,0.225
1306.6924946326412,46,0.225
1307.2508527561624,46,0.225
1308.0492053935666,46,0.225
1310.1895565158145,47,0.225
1311.6449493870662,46,0.225
1312.2430885319047,46,0.225
1315.2966565981499,47,0.225
1318.3662468042205,46,0.225
1321.0352067266629,47,0.225
1321.9382321872386,46,0.225
1322.3383062248054,46,0.225
1322.8072827904225,46,0.225
1322.8775530146072,46,0.225
1326.2994938103557,47,0.225
1326.4871320851996,46,0.225
1327.265892807206,46,0.225
1327.7550624784271,47,0.225
1329.0390453208315,46,0.225
1331.0863236900136,47,0.225
1332.760536177506,46,0.225
1344.8052049455416,45,0.225
1344.8070673610637,46,0.225
1348.6163367474926,45,0.225
1349.9186211695362,45,0.225
1365.2429913174658,44,0.225
1366.0021764247851,45,0.225
1366.403407877863,45,0.225
1367.62261081561,46,0.225
1367.6970777939505,47,0.225
1373.3183748159533,46,0.225
1377.7603421119156,45,0.225
1382.972813999018,44,0.225
1383.3568872041535,44,0.225
1385.7853561645666,45,0.225
1386.0061719236044,44,0.225
1389.7756815451908,43,0.225
1391.5815443601057,44,0.225
1391.6053547948018,44,0.225
1393.5817813367253,45,0.225
1393.8036608587452,46,0.225
1396.2496462629938,47,0.225
1397.439427823378,48,0.225
1397.523378474622,49,0.225
1397.823380080155,50,0.225
1401.593834036886,49,0.225
1401.964596839526,49,0.225
1404.3904227038995,48,0.225
1407.1364599746385,47,0.225
1408.5397641908803,48,0.225
1413.38821383648,47,0.225
1413.6420030488043,47,0.225
1414.4332171108601,48,0.225
1418.9064325880304,47,0.225
1419.4583851204823,47,0.225
1419.8069958765873,47,0.225
1421.8996919326448,46,0.225
1423.6610539866394,47,0.225
1423.9758559858496,48,0.225
1427.9917277909053,47,0.225
1429.000593573555,48,0.225
1429.3660062249423,49,0.225
1429.7145019715904,50,0.225
1433.6702173132007,49,0.225
1434.3632799312404,50,0.225
1434.3989538628014,50,0.225
1434.42880131189,50,0.225
1435.7446212742543,51,0.225
1437.574670196481,50,0.225
1437.9614417628268,50,0.225
1446.3754696167634,51,0.225
1446.6519153442848,50,0.225
1447.899312079424,50,0.225
1448.9813672899782,49,0.225
1451.2665487567199,48,0.225
1453.2589774412534,48,0.225
1453.671935682202,47,0.225
1455.1843720236668,47,0.225
1462.0578729314368,48,0.225
1465.0136870504443,49,0.225
1469.7832836107518,48,0.225
1479.207214200888,47,0.225
1479.6009771168895,48,0.225
1481.712821795201,49,0.225
1482.5485483158245,50,0.225
1486.5145537591595,49,0.225
1488.005493568102,49,0.225
1489.9932872649754,50,0.225
1491.0006777148333,51,0.225
1491.494781958696,50,0.225
1491.9521758283374,51,0.225
1494.1932679179176,50,0.225
1498.010792221386,51,0.225
1498.843113367693,50,0.225
1500.1503121793955,51,0.225
1500.6558329361403,51,0.225
1500.7220663618336,52,0.225
1502.327762523418,53,0.225
1503.807674917336,54,0.225
1504.37702721103,55,0.225
1506.449897400695,54,0.225
1508.4459976224,55,0.225
1509.5606117533175,54,0.225
1512.278601679181,53,0.225
1513.867565096494,54,0.225
1516.7104545018133,53,0.225
1522.3032362448728,54,0.225
1523.0241014502335,53,0.225
1524.4762407238543,53,0.225
1525.3745603855982,52,0.225
1527.5208896995546,53,0.225
1530.3515211604547,52,0.225
1530.5551185179384,52,0.225
1530.689146220617,52,0.225
1531.3459323325624,51,0.225
1532.6546195756196,51,0.225
1533.313135003261,52,0.225
1533.359781297919,52,0.225
1533.661405542637,53,0.225
1536.5900391597318,52,0.225
1539.5214297389707,51,0.225
1539.7918524673821,52,0.225
1546.8301807372607,51,0.225
1550.27779805163,50,0.225
1557.975766066343,49,0.225
1560.9844004464637,50,0.225
1563.5114847400353,49,0.225
1565.569542623875,48,0.225
1567.454104716803,48,0.225
1568.4412126900888,47,0.225
1570.8216908904217,46,0.225
1571.3762654429174,46,0.225
1571.8103707945208,46,0.225
1572.7528508071928,47,0.225
1574.304475960518,46,0.225
1574.4026156945201,47,0.225
1575.187456087299,48,0.225
1575.9551885385774,49,0.225
1577.3536373683855,48,0.225
1580.3333407813377,49,0.225
1580.5521472009004,48,0.225
1580.6080645762008,49,0.225
1583.7246226668994,50,0.225
1586.3080885598781,49,0.225
1586.8069084475123,49,0.225
1587.6471326537749,50,0.225
1589.2317723299911,51,0.225
1593.8905136409207,50,0.225
1596.628496237644,51,0.225
1597.439273901825,52,0.225
1606.2205902849996,53,0.225
1607.4066573567943,52,0.225
1607.4246888541857,52,0.225
1616.057134910285,51,0.225
1616.1973997906575,51,0.225
1616.280404920275,51,0.225
1616.644866857428,51,0.225
1620.5648674102565,50,0.225
1622.4523174585863,50,0.225
1624.040407086676,49,0.225
1626.553157086704,48,0.225
1627.1896636946808,48,0.225
1627.3702805839034,48,0.225
1628.1929395943134,49,0.225
1631.8720217533544,50,0.225
1633.5744857116129,51,0.225
1639.0549522979932,52,0.225
1643.7382317551355,51,0.225
1650.4446563905308,50,0.225
1653.1680099321472,49,0.225
1653.9458105430974,50,0.225
1659.319011213887,51,0.225
1663.9908322743563,50,0.225
1667.7411640784967,51,0.225
1668.0806361671523,52,0.225
1668.235089117542,53,0.225
1672.782344431011,54,0.225
1678.3237534842938,53,0.225
1681.196770182903,52,0.225
1685.0951441648574,53,0.225
1688.4021694197354,52,0.225
1688.8493728828907,52,0.225
1688.9252018618702,52,0.225
1693.738951776704,53,0.225
1695.266834602857,52,0.225
1697.349889111228,51,0.225
1699.6630271934919,52,0.225
1700.9370355530566,51,0.225
1701.0282846766916,51,0.225
1704.1943568347897,52,0.225
1706.2947938234902,51,0.225
1706.359056672141,51,0.225
1708.4542115058919,52,0.225
1708.933132649055,53,0.225
1710.644092630044,52,0.225
1716.977150122406,53,0.225
1717.0581081432254,52,0.225
1718.623266680412,52,0.225
1722.5922598784152,51,0.225
1728.1501883977148,50,0.225
1731.097778940034,51,0.225
1732.4674804344847,50,0.225
1735.180104807039,49,0.225
1736.9905052111217,49,0.225
1739.0808240590172,48,0.225
1740.3154980676431,49,0.225
1740.5324112315122,49,0.225
1746.028969233048,50,0.225
1746.8991155668764,51,0.225
1750.3076648626716,50,0.225
1751.5737034257459,51,0.225
1755.7150569592566,52,0.225
1757.4594668927652,53,0.225
1757.8899199030739,52,0.225
1759.470245067973,53,0.225
1760.041568769863,54,0.225
1761.3770819152712,55,0.225
1762.7313764873106,56,0.225
1766.425567872936,57,0.225
1767.0662824546835,56,0.225
1769.672895941812,55,0.225
1771.6403015536182,55,0.225
1773.7803062348232,54,0.225
1776.0307904321073,55,0.225
1778.892507099342,54,0.225
1781.7741661915825,53,0.225
1785.651451330881,52,0.225
1788.8898831126123,53,0.225
1789.5775305288075,54,0.225
1791.0942121839491,55,0.225
1793.3339148319421,54,0.225
1794.2802394865032,54,0.225
1796.2851093945326,53,0.225
1809.658696843023,54,0.225
1811.410249595068,53,0.225
1814.6555414587915,52,0.225
1816.4116772161788,52,0.225
1817.272885516295,51,0.225
1819.363518047003,50,0.225
1819.648314783089,50,0.225
1820.5376790142254,50,0.225
1821.4024934190943,51,0.225
1821.5702639244435,50,0.225
1826.5768245527597,51,0.225
1831.1086213226156,50,0.225
1831.226056798252,51,0.225
1831.2420343410695,51,0.225
1839.7542836365878,52,0.225
1840.3932856690867,51,0.225
1842.0150003604306,52,0.225
1844.1667279218655,51,0.225
1844.7281426791465,52,0.225
1844.9336827911952,53,0.225
1846.1959838326088,54,0.225
1847.0294822734586,53,0.225
1861.563228011105,54,0.225
1862.917420310518,55,0.225
1863.2592820443879,56,0.225
1864.48300919191,55,0.225
1864.9710505508028,55,0.225
1865.0288426740935,55,0.225
1868.149233616568,56,0.225
1870.209168040915,57,0.225
1870.610641406416,56,0.225
1871.291790901624,56,0.225
1877.2480037623275,55,0.225
1879.4557556915593,54,0.225
1884.3125844469414,55,0.225
1886.5805470964153,54,0.225
1889.1202089926505,53,0.225
1889.3921694277462,53,0.225
1892.8846249760934,54,0.225
1892.9631822295817,55,0.225
1893.0071229863538,56,0.225
1894.0162393149653,57,0.225
1894.8004927741465,56,0.225
1895.802346901764,56,0.225
1897.3329641542662,55,0.225
1899.8863179766163,54,0.225
1904.5895285790662,55,0.225
1906.110114649178,54,0.225
1906.9183281698922,55,0.225
1909.339873872545,54,0.225
1911.0928653598112,55,0.225
1912.9507297681807,56,0.225
1914.4085056553206,55,0.225
1915.090490418719,55,0.225
1916.6359126186078,56,0.225
1918.749703298636,55,0.225
1920.4297230585155,56,0.225
1921.7041971914455,55,0.225
1923.0581600045848,55,0.225
1923.0947920143633,55,0.225
1925.2480638025393,56,0.225
1929.592692995071,55,0.225
1930.316838059013,55,0.225
1930.5780197070485,55,0.225
1931.043551191295,56,0.225
1932.3734994822214,57,0.225
1934.925590341118,56,0.225
1934.932023828101,57,0.225
1936.1345478838887,58,0.225
1936.316199193024,59,0.225
1936.6947821526223,60,0.225
1941.3622128776792,61,0.225
1942.4563235070689,62,0.225
1942.8322428757297,61,0.225
1944.7017394941681,61,0.225
1945.7876165777275,62,0.225
1947.1825659229582,63,0.225
1948.7328563899812,62,0.225
1952.6212450722194,63,0.225
1955.7778171086304,64,0.225
1957.7375881628882,63,0.225
1959.821477244973,62,0.225
1960.243310235585,62,0.225
1960.2632497577283,63,0.225
1960.7518012514722,64,0.225
1962.2144251095008,63,0.225
1963.1025403815536,64,0.225
1963.1914024129674,64,0.225
1965.381529250015,65,0.225
1966.1389506495132,64,0.225
1974.4848795843411,63,0.225
1976.2086127672853,64,0.225
1977.610310899581,65,0.225
1980.7933948272093,64,0.225
1984.0862869944428,65,0.225
1985.1436649511973,64,0.225
1987.719479556762,65,0.225
1988.437120610475,66,0.225
1989.1943297926634,65,0.225
1989.5784093680018,65,0.225
1990.6679598690218,65,0.225
1992.62459186571,64,0.225
1998.5337019561105,65,0.225
0.015437809635272531,1,0.2
3.6152574700189284,2,0.2
5.470885198306736,1,0.2
6.3105681832507,1,0.2
6.592912778348342,0,0.2
8.434441663005366,0,0.2
10.006630886738833,1,0.2
10.580201424897307,0,0.2
12.892770638606237,0,0.2
13.059109351332374,0,0.2
13.691056896843042,0,0.2
14.903563293070963,0,0.2
18.09496682993835,0,0.2
20.038688182259023,1,0.2
20.59274734723573,0,0.2
21.631648671592533,0,0.2
21.784243608432813,0,0.2
24.331884254054913,1,0.2
25.11277470674638,2,0.2
25.62798789920545,1,0.2
25.78322045155243,1,0.2
29.16013775619877,0,0.2
30.017688428361012,1,0.2
30.985693990873596,2,0.2
33.32529922688322,1,0.2
34.95731114581144,1,0.2
34.965584624962084,2,0.2
39.28761566987383,1,0.2
40.0740045390192,1,0.2
44.54080322779105,2,0.2
46.72346873232652,1,0.2
50.874186056408135,2,0.2
51.225762210846284,1,0.2
53.30433151872758,0,0.2
55.38090855622796,0,0.2
56.675364256595415,0,0.2
56.89783865358166,1,0.2
59.272096362286234,0,0.2
62.19811035585987,0,0.2
62.435824379355594,0,0.2
64.47092739365311,0,0.2
65.94072893323323,0,0.2
71.04497731495265,0,0.2
72.64306567816669,0,0.2
73.58279961012263,1,0.2
73.93680416563437,2,0.2
74.51209459345695,1,0.2
76.2201084697647,0,0.2
78.45277186133684,1,0.2
78.68822250503067,0,0.2
79.95277814407025,1,0.2
82.85835695831851,0,0.2
83.89659970615375,1,0.2
91.27335931955822,2,0.2
93.61978368073811,3,0.2
95.65306223429772,2,0.2
96.95028901799542,3,0.2
97.2919560730046,3,0.2
98.32280671640584,4,0.2
101.23412486125002,3,0.2
107.49941274750466,2,0.2
107.80316618452629,2,0.2
108.1094655242574,2,0.2
111.4190979855534,1,0.2
115.35860582436696,0,0.2
116.74041204569846,0,0.2
116.8876235429876,0,0.2
117.32165063510121,0,0.2
118.63708562240957,0,0.2
120.49641716670041,0,0.2
123.94585414528453,1,0.2
124.00378260232507,2,0.2
126.34370542900963,1,0.2
131.3112416692568,0,0.2
132.22007600053126,1,0.2
134.85248652928456,2,0.2
135.75399245517616,3,0.2
136.6486805504882,2,0.2
137.40834908160167,2,0.2
137.9540822554679,2,0.2
139.81292165646002,1,0.2
140.10136825125178,1,0.2
140.25816993751877,2,0.2
140.63679713173664,2,0.2
146.9983669160542,3,0.2
147.2556248924386,2,0.2
148.67054905274307,2,0.2
154.60455956674582,1,0.2
155.61672929368348,1,0.2
159.34571147063897,0,0.2
162.85071889701968,0,0.2
163.2708260476032,1,0.2
165.22846510585876,2,0.2
170.86614160318504,1,0.2
172.01945919668304,2,0.2
172.1957902842794,3,0.2
175.309359371352,2,0.2
176.62145054539786,3,0.2
179.03403825676463,4,0.2
184.04241418780302,3,0.2
185.51025302173898,3,0.2
187.45794671920345,2,0.2
188.51226526474605,2,0.2
189.93927590492726,1,0.2
194.85791920810686,2,0.2
199.5939389137423,3,0.2
199.88482905542148,2,0.2
200.63131371748986,3,0.2
202.24421657492445,4,0.2
203.4088813916848,5,0.2
204.23228470948752,4,0.2
204.93905421257753,5,0.2
207.0634383096625,4,0.2
207.47728042643192,4,0.2
211.57730952740346,3,0.2
211.65720492215166,4,0.2
212.40161466884896,4,0.2
220.35692816920331,3,0.2
223.55024914266662,2,0.2
227.41422265735977,3,0.2
229.33747270139062,2,0.2
230.04609842500508,2,0.2
234.3938826034951,1,0.2
235.9334218084071,1,0.2
235.95794221047728,1,0.2
238.35523524547781,0,0.2
249.84294248190204,1,0.2
252.1190725746538,2,0.2
253.4762898740805,3,0.2
255.47549593524337,4,0.2
257.7655805666212,5,0.2
260.88774787036436,4,0.2
265.3214416294172,3,0.2
271.28139368252073,4,0.2
271.8551948310267,3,0.2
271.9432851654553,3,0.2
271.9556732577769,3,0.2
281.39569165151465,2,0.2
282.80935098003016,2,0.2
283.25612274683834,3,0.2
283.91869403374625,2,0.2
283.9271077794498,3,0.2
285.96212498348723,2,0.2
287.644808397537,3,0.2
288.0945955248507,2,0.2
289.3989947463996,3,0.2
291.11035648309706,4,0.2
291.9826787064131,5,0.2
293.1086976541517,4,0.2
293.69746087567137,4,0.2
294.2376844991778,5,0.2
298.3781831472652,6,0.2
300.24779617359303,7,0.2
305.45441790474325,6,0.2
306.5396376255902,6,0.2
309.5297600252422,5,0.2
310.70618319256545,5,0.2
315.5970217670511,4,0.2
315.8976124193118,4,0.2
320.7470054885955,3,0.2
321.6766252647325,3,0.2
326.0589441707592,2,0.2
330.3627526232638,1,0.2
330.88920683077924,1,0.2
331.32495663657613,2,0.2
334.88544076894715,1,0.2
336.0432880823965,2,0.2
338.34632881790935,1,0.2
340.4361109112622,2,0.2
340.689784025864,3,0.2
341.9320631013688,2,0.2
345.6737829578146,3,0.2
346.06972327818943,4,0.2
347.2058829642652,5,0.2
349.17518350316186,6,0.2
351.77142700365386,7,0.2
352.34110552953547,8,0.2
352.714929011639,7,0.2
353.5006611331287,7,0.2
353.70248325501836,8,0.2
364.6161394931457,9,0.2
365.2811588662326,8,0.2
366.4251771863299,8,0.2
368.32369504189137,7,0.2
368.5313165815139,8,0.2
368.97049994925777,8,0.2
372.06374080000154,9,0.2
374.70506295011523,8,0.2
375.1131788873228,8,0.2
375.24872063173325,9,0.2
376.41599508868904,10,0.2
379.7381148962411,11,0.2
380.1576213510943,10,0.2
380.1676152509385,10,0.2
385.81537927152533,9,0.2
389.06371064365334,8,0.2
389.13604964156076,9,0.2
392.88228116961017,8,0.2
396.9658023067883,7,0.2
397.80121881711597,7,0.2
398.5492324195718,7,0.2
400.1144736167782,8,0.2
404.6635505387501,9,0.2
407.68703586723353,8,0.2
409.2600692232592,8,0.2
411.9870186183559,9,0.2
413.9556566059029,8,0.2
414.6062176913838,9,0.2
414.6736958036354,10,0.2
419.03677429833664,11,0.2
419.09254508375517,10,0.2
423.1686867660341,9,0.2
424.93514202195337,10,0.2
425.3465234753955,9,0.2
425.60533347050944,9,0.2
432.99081795218143,10,0.2
435.9389938153095,9,0.2
436.20039639379877,9,0.2
439.3338672287192,10,0.2
441.1040081150867,9,0.2
442.06278909043203,9,0.2
443.847471906801,10,0.2
444.49384846938466,9,0.2
446.3414593421999,9,0.2
446.6162029917958,8,0.2
447.3734488407244,8,0.2
448.7488437329071,7,0.2
450.0300189655156,8,0.2
450.2845157651765,9,0.2
453.97622697438527,10,0.2
455.7287224254184,11,0.2
455.7418055507017,12,0.2
456.01050400786147,13,0.2
456.97883818106646,12,0.2
466.54308264911424,13,0.2
467.57174686435013,12,0.2
468.1533919572859,12,0.2
469.0647477386746,12,0.2
472.71789583786295,11,0.2
473.48463320672766,11,0.2
477.9660727302149,12,0.2
479.0673922445615,11,0.2
479.233918318042,12,0.2
479.31187756058927,12,0.2
484.02634875073323,11,0.2
485.0928156879724,12,0.2
485.8927284670159,12,0.2
486.6698385928207,11,0.2
488.1683161364868,11,0.2
489.147763996856,10,0.2
493.00446806371406,9,0.2
495.00821411760967,10,0.2
495.3823810726778,9,0.2
498.63974290856737,8,0.2
499.13369593324074,8,0.2
501.3125109934513,7,0.2
503.8955304944888,6,0.2
504.0324057656249,7,0.2
504.41957163644776,7,0.2
505.0378423796819,7,0.2
506.1616708467171,8,0.2
506.4687384648233,7,0.2
506.54756266193016,7,0.2
512.2166167061498,6,0.2
512.8647895732398,6,0.2
512.8867953249874,7,0.2
516.5696723906394,8,0.2
518.2391189007977,7,0.2
518.7876915855004,7,0.2
519.3094511791143,8,0.2
520.0204585286978,8,0.2
520.518462800135,9,0.2
521.4110941925055,10,0.2
521.5805915028246,11,0.2
525.2802758348164,12,0.2
527.4805630448661,11,0.2
533.4595160021194,10,0.2
534.2589917416625,10,0.2
534.4654463396049,10,0.2
535.1104016667907,11,0.2
539.3558142562899,10,0.2
544.0109375655758,9,0.2
556.6087802783387,10,0.2
559.1119474549621,9,0.2
561.2484636565194,10,0.2
561.7276650878324,9,0.2
562.1449441818556,9,0.2
562.3626076558922,8,0.2
564.4880436946677,9,0.2
565.6833365270568,10,0.2
567.045259087741,9,0.2
567.3175337113805,9,0.2
572.8385253259473,8,0.2
577.1653223001307,9,0.2
584.119174315216,8,0.2
588.3163092336149,9,0.2
591.717353637943,8,0.2
597.6079132942273,7,0.2
599.6406979901009,6,0.2
601.9325982278881,5,0.2
603.0517162471358,5,0.2
605.9066327259819,4,0.2
609.2578943800344,3,0.2
617.272844988289,2,0.2
617.8233846001874,3,0.2
620.3028551782661,2,0.2
620.737838793973,3,0.2
621.9210366037472,3,0.2
622.4217474307607,2,0.2
624.5724412899559,1,0.2
625.4085546654461,2,0.2
628.0252582724805,3,0.2
632.4823070562815,2,0.2
634.5968265954415,3,0.2
639.7677049097657,4,0.2
646.312464848661,3,0.2
647.1733132589414,3,0.2
649.243430548647,2,0.2
651.1472812787249,3,0.2
652.7740413698419,2,0.2
654.7861826622911,3,0.2
658.1093276815599,2,0.2
658.3171714113325,2,0.2
659.2690759671971,3,0.2
661.0734817971495,4,0.2
662.0808667016531,3,0.2
662.5820219520991,4,0.2
664.4324103345222,5,0.2
664.8602776617195,4,0.2
667.6804199255589,3,0.2
669.0408479937843,4,0.2
669.4047315333423,4,0.2
669.5868754006412,4,0.2
671.9210015801536,3,0.2
674.2483658843056,4,0.2
682.2193673740848,3,0.2
683.718239024386,3,0.2
684.4094933109146,2,0.2
686.149124665221,2,0.2
686.5857464418484,3,0.2
690.1425980985781,2,0.2
693.444451845642,3,0.2
693.5972075119212,4,0.2
694.9618211879557,3,0.2
695.4318554248783,3,0.2
696.4727859221092,4,0.2
701.0615996867388,3,0.2
702.2301262502936,3,0.2
702.4506538878626,3,0.2
712.6269908954009,2,0.2
713.2939908866681,3,0.2
714.1148501467895,3,0.2
716.7546076931352,2,0.2
720.6579515526097,1,0.2
724.646613502429,0,0.2
725.5832868927968,1,0.2
727.6410548396664,2,0.2
729.7233676802779,1,0.2
730.9117928437315,1,0.2
732.3386159209452,0,0.2
735.138259974916,1,0.2
739.0902746607289,0,0.2
740.7765931942282,0,0.2
743.6481414798931,0,0.2
743.8127417609672,1,0.2
743.8681338760706,2,0.2
746.7585952200652,3,0.2
746.764708267752,2,0.2
746.9640778886284,2,0.2
747.1717032679352,3,0.2
747.4202762886528,3,0.2
747.6029045662992,3,0.2
748.8073899085304,4,0.2
750.7800880768742,5,0.2
750.8049905917393,6,0.2
752.4538477565998,7,0.2
753.5628834882433,8,0.2
754.9720739272695,7,0.2
757.5283443255295,6,0.2
757.672270650489,6,0.2
768.1917959748054,5,0.2
770.0205852403265,5,0.2
780.1234114511797,4,0.2
780.2522899658649,5,0.2
782.7380848555337,6,0.2
785.6726063911856,7,0.2
786.6866784270144,6,0.2
787.9111822737252,6,0.2
788.042006412256,6,0.2
788.6553607625758,6,0.2
796.948146604231,5,0.2
799.0452931078811,4,0.2
799.534742251988,4,0.2
799.7705156064383,4,0.2
800.4022434467811,5,0.2
801.2869681805323,4,0.2
803.9918150328118,3,0.2
804.8960438012605,4,0.2
808.5964020357113,5,0.2
812.936145262022,6,0.2
816.8772598974934,5,0.2
819.692024609066,4,0.2
822.3679515721916,5,0.2
822.9720102303022,6,0.2
825.1950997881329,7,0.2
825.2821568807095,8,0.2
825.410250543849,7,0.2
828.8857921625663,8,0.2
831.0903298750709,9,0.2
831.484977043828,8,0.2
831.6734522046095,8,0.2
832.8628458278245,9,0.2
834.78763231532,10,0.2
835.5409653462289,9,0.2
836.122188340349,10,0.2
843.3209820217024,9,0.2
844.6683600190529,9,0.2
845.9579553714949,8,0.2
846.20353951874,9,0.2
847.4088518054205,9,0.2
848.9533223392012,8,0.2
856.3424283745259,7,0.2
857.5255828344468,7,0.2
858.3037387931336,7,0.2
858.871247120083,6,0.2
860.0780993583357,6,0.2
861.3026172575429,5,0.2
861.4317464706528,5,0.2
864.935802908506,4,0.2
867.6548655494572,5,0.2
868.9065212794079,4,0.2
869.6435901942073,5,0.2
870.3766437402279,5,0.2
878.5089091753948,4,0.2
878.6009952621919,4,0.2
879.3127297533046,4,0.2
881.032593126665,3,0.2
881.6449844750855,4,0.2
889.5665565075793,3,0.2
889.9990842166883,3,0.2
890.2866026269708,3,0.2
891.9614981502194,2,0.2
892.017583249843,2,0.2
892.4548063942985,2,0.2
894.6673216041665,1,0.2
894.7663235574076,1,0.2
894.8017620820626,1,0.2
897.1087195602692,2,0.2
897.6190582710801,3,0.2
899.7438644703071,2,0.2
900.2811749041061,2,0.2
901.3351798833814,2,0.2
901.4319969437594,3,0.2
904.1977189893034,2,0.2
906.1607415249349,2,0.2
907.6136746414281,1,0.2
911.716151548467,2,0.2
913.3862917142603,3,0.2
920.0795375182483,2,0.2
920.714180789912,3,0.2
923.3229895245054,4,0.2
924.0975358487767,5,0.2
924.5257830844383,4,0.2
931.3832190683308,3,0.2
932.6089001580261,3,0.2
935.1862812535594,4,0.2
936.0624258032209,5,0.2
939.3137386485729,4,0.2
939.6355787230635,4,0.2
942.4001663957762,5,0.2
943.5332244514991,6,0.2
946.8971242767835,5,0.2
949.8710596393759,6,0.2
950.1508354612506,5,0.2
951.2206023937384,6,0.2
955.0686917516202,7,0.2
958.7293748671264,6,0.2
958.9892462381142,6,0.2
959.6998524899003,6,0.2
960.6857120432014,6,0.2
963.3258641376794,7,0.2
964.0533396588662,8,0.2
968.0462706363417,9,0.2
969.1820306772952,10,0.2
969.3139483981633,11,0.2
971.3946464065533,12,0.2
971.7112539957874,11,0.2
974.0960554863897,10,0.2
974.1291907117837,10,0.2
978.3085736289579,9,0.2
981.2611831687736,10,0.2
984.5050473128302,9,0.2
984.7051783851335,9,0.2
986.3955760573801,10,0.2
986.7985676598374,11,0.2
987.6473006641356,12,0.2
989.5652509992839,13,0.2
989.7365917578364,12,0.2
994.9023915480158,13,0.2
996.097520436942,14,0.2
997.4322686377561,13,0.2
1005.0252553733571,12,0.2
1005.3975143789972,12,0.2
1005.5432635884343,12,0.2
1007.5287072652786,11,0.2
1009.0918588585473,11,0.2
1012.2346375746838,10,0.2
1012.9792516031863,10,0.2
1014.1509495819078,10,0.2
1022.5210140103675,9,0.2
1026.4131651930552,10,0.2
1028.6158089173985,11,0.2
1028.667742762764,12,0.2
1036.0475430045444,11,0.2
1036.2735293346802,11,0.2
1036.36325766989,11,0.2
1039.878377185265,12,0.2
1039.889222096842,13,0.2
1042.3619710073049,12,0.2
1044.4469080904894,13,0.2
1045.352278239458,12,0.2
1046.7914729331674,13,0.2
1048.716681506222,12,0.2
1049.7210568398898,12,0.2
1051.6356572251,11,0.2
1052.0733732171486,11,0.2
1056.5834827907167,12,0.2
1056.8722604953086,11,0.2
1058.7202180153818,12,0.2
1060.5404415095811,11,0.2
1067.5922767939169,10,0.2
1069.1859411530702,10,0.2
1072.3219476043325,9,0.2
1074.0003073897044,10,0.2
1074.5423669360853,9,0.2
1075.7432686721395,9,0.2
1077.146132928616,10,0.2
1077.850303068773,9,0.2
1080.0387141494725,10,0.2
1081.4911675623098,11,0.2
1081.691357643683,10,0.2
1082.1498254914748,10,0.2
1083.0760094798043,10,0.2
1084.8385051495693,9,0.2
1085.546130518625,10,0.2
1085.8449546852703,11,0.2
1087.0669232791283,10,0.2
1087.545879804436,10,0.2
1089.1522310584694,9,0.2
1091.2504568374316,8,0.2
1091.2796110133156,9,0.2
1093.247134046226,9,0.2
1093.9491526009153,10,0.2
1096.0963280496378,9,0.2
1098.0612650762346,9,0.2
1099.0971675427202,8,0.2
1099.7594353420977,9,0.2
1101.0647577923037,9,0.2
1103.7333795867507,10,0.2
1103.9164314874502,9,0.2
1113.2364552941722,8,0.2
1114.2080303688404,8,0.2
1115.5764220355334,9,0.2
1118.2887044533047,10,0.2
1120.4374584416742,9,0.2
1122.6034054688807,8,0.2
1123.7436107342673,9,0.2
1123.858184451723,10,0.2
1124.7299432023167,9,0.2
1129.2123623753985,10,0.2
1129.6850081720215,9,0.2
1130.7015264299562,9,0.2
1131.3111065466599,10,0.2
1131.8688654061248,11,0.2
1134.0982138646414,12,0.2
1134.795136496581,13,0.2
1137.1926083768274,12,0.2
1139.7721515699575,13,0.2
1139.8854289766446,12,0.2
1140.6045000489298,13,0.2
1142.8042000510775,12,0.2
1143.0950339715114,13,0.2
1146.2570502491951,14,0.2
1147.525218992784,13,0.2
1150.3350960355638,12,0.2
1152.7313748502736,11,0.2
1155.1374572497703,10,0.2
1156.2576073518082,10,0.2
1159.6447794036897,9,0.2
1159.6852847687417,9,0.2
1161.8057974765295,10,0.2
1165.1160562525445,11,0.2
1165.395558628683,10,0.2
1168.0113394874638,11,0.2
1169.6290794496065,12,0.2
1172.187163292604,13,0.2
1174.2909652909316,14,0.2
1174.9239211722772,13,0.2
1176.4156282748331,14,0.2
1179.6378120820975,13,0.2
1179.6444653891738,13,0.2
1180.1308884575953,13,0.2
1180.9471029062038,13,0.2
1186.7108597148033,14,0.2
1186.7391813958359,13,0.2
1188.6339307400938,14,0.2
1191.7957585241065,15,0.2
1198.4998294455768,14,0.2
1199.0327404511288,14,0.2
1200.4464881171957,14,0.2
1202.018382451199,15,0.2
1204.579155139248,14,0.2
1205.4797191323566,14,0.2
1207.456017726129,15,0.2
1208.0666733085855,14,0.2
1208.090875337215,15,0.2
1213.166548674252,14,0.2
1216.177376630349,13,0.2
1216.8540750105558,13,0.2
1217.6086561351037,13,0.2
1220.1112364465519,14,0.2
1223.2045508918723,13,0.2
1228.807020516481,14,0.2
1229.7954284903383,13,0.2
1230.4925941703877,14,0.2
1233.6608168279943,15,0.2
1234.3189496860825,14,0.2
1234.8460032357502,15,0.2
1237.2036795008314,16,0.2
1237.8777896127253,17,0.2
1240.987969853578,16,0.2
1242.5066587923059,17,0.2
1242.7718473898083,17,0.2
1243.183900518172,16,0.2
1248.9319721646323,15,0.2
1253.5590391366688,14,0.2
1253.9311494028952,14,0.2
1254.2294889353186,14,0.2
1254.2898081214234,14,0.2
1258.375920754804,15,0.2
1260.0298795307706,14,0.2
1260.1266586234492,15,0.2
1265.02337770078,16,0.2
1265.7443119089123,15,0.2
1268.2817699387836,16,0.2
1269.7545046609769,15,0.2
1269.8366335402072,15,0.2
1272.8869565042633,14,0.2
1273.290371611346,14,0.2
1274.5870878055111,15,0.2
1281.5116838320005,14,0.2
1281.7472881070642,14,0.2
1286.053501422446,15,0.2
1289.731997584996,14,0.2
1291.8089774596929,13,0.2
1296.6783106663993,12,0.2
1297.5518635213793,13,0.2
1301.1739608678774,12,0.2
1301.9494943715783,13,0.2
1306.1603111046904,14,0.2
1309.0325959120632,13,0.2
1309.1815346850515,13,0.2
1311.2326958635706,12,0.2
1311.7955438465792,12,0.2
1313.1087031939105,12,0.2
1313.5526079154142,11,0.2
1317.0264889390655,12,0.2
1329.9166665317564,13,0.2
1329.9857293711061,14,0.2
1330.7988100769164,13,0.2
1332.0649899865673,13,0.2
1334.3035988134418,12,0.2
1336.0838306887854,13,0.2
1336.3154517939313,12,0.2
1338.6712410264442,13,0.2
1340.0620925173607,12,0.2
1340.6621521774305,12,0.2
1341.0176462486056,13,0.2
1343.4457443208007,14,0.2
1345.0192089932355,13,0.2
1346.3512778231516,13,0.2
1352.331751204938,14,0.2
1356.1802029638775,15,0.2
1356.8794996461975,14,0.2
1358.334529597098,14,0.2
1359.442095406934,15,0.2
1361.6161229099118,14,0.2
1367.103607189999,15,0.2
1374.5995480842441,14,0.2
1374.6454817906597,14,0.2
1376.7651097494636,13,0.2
1377.7412555112735,14,0.2
1379.090417061245,13,0.2
1379.2030201347045,13,0.2
1379.7416826445346,14,0.2
1389.2282979151473,15,0.2
1390.1595577061726,14,0.2
1392.4485904485255,13,0.2
1392.672635496827,12,0.2
1395.2894789317584,13,0.2
1397.2270262287138,12,0.2
1398.1563354359025,12,0.2
1400.9677723448028,11,0.2
1401.291072304835,11,0.2
1401.3362499516297,12,0.2
1402.1577984646005,13,0.2
1404.9607221261367,14,0.2
1405.4216124275595,13,0.2
1407.6034853588787,12,0.2
1408.5581148219176,12,0.2
1408.627605027036,13,0.2
1411.8375884308257,14,0.2
1416.8976891512366,13,0.2
1417.9399395494222,13,0.2
1418.005571906757,13,0.2
1418.2925852509618,14,0.2
1418.638782800619,13,0.2
1419.7826114175668,14,0.2
1425.3732101811615,15,0.2
1425.470260725995,16,0.2
1426.807138700859,17,0.2
1427.2121521009294,16,0.2
1429.8374813695757,15,0.2
1434.5826849847178,14,0.2
1438.5448781473685,15,0.2
1439.1936566875208,16,0.2
1439.9896619365802,17,0.2
1440.9810181005378,16,0.2
1442.5424563854922,17,0.2
1445.2126201703586,16,0.2
1445.8697376371708,17,0.2
1446.870164331429,17,0.2
1455.697421818165,16,0.2
1459.3425705053821,15,0.2
1460.1309493480417,16,0.2
1460.195579501379,16,0.2
1462.355537755405,17,0.2
1463.5889471993473,16,0.2
1467.0811908141407,15,0.2
1467.4639140956228,16,0.2
1468.08935960611,17,0.2
1472.2462071651696,16,0.2
1474.1814923146485,17,0.2
1479.870689458832,18,0.2
1482.1411661904262,19,0.2
1483.8075578469732,20,0.2
1484.8070608472187,21,0.2
1485.353906601313,22,0.2
1486.689826014301,23,0.2
1489.9875092979305,22,0.2
1492.8737437586183,21,0.2
1493.6821585322753,21,0.2
1493.8260148633817,22,0.2
1496.5421966456188,23,0.2
1496.9548904282578,24,0.2
1497.1042454728415,23,0.2
1501.0628711145946,22,0.2
1501.165047263463,23,0.2
1501.5986451175356,23,0.2
1503.2352770918114,24,0.2
1506.4396657724938,25,0.2
1507.3233164919761,24,0.2
1507.7910913942965,24,0.2
1510.107610971072,23,0.2
1511.5377778604932,23,0.2
1512.1461621555723,22,0.2
1515.9022762402299,21,0.2
1519.4650903996085,22,0.2
1519.5147984086568,23,0.2
1520.1439706538572,22,0.2
1520.185133723787,23,0.2
1520.5656130874393,24,0.2
1527.6122210411252,25,0.2
1528.5246419722969,24,0.2
1529.7090140661437,25,0.2
1537.6309047164636,26,0.2
1539.4780228127781,25,0.2
1539.7041782432475,25,0.2
1540.2483016982833,25,0.2
1544.5890707141893,24,0.2
1544.782176477397,24,0.2
1546.4864173499343,24,0.2
1552.1500614273418,25,0.2
1555.77698748704,24,0.2
1556.2274112165553,24,0.2
1556.4616305886366,25,0.2
1558.892911710232,26,0.2
1561.429968111527,27,0.2
1563.7003429306167,26,0.2
1564.3443423967046,26,0.2
1575.6990819013163,27,0.2
1578.4989572926931,26,0.2
1578.6292020724045,27,0.2
1578.7274103726843,28,0.2
1579.9979960080263,28,0.2
1587.9780607688633,29,0.2
1588.231199518629,28,0.2
1589.5378352733055,28,0.2
1590.9735075251274,29,0.2
1593.7092205619376,30,0.2
1600.4744366042212,29,0.2
1601.1861940350145,29,0.2
1603.0531370526714,30,0.2
1604.1024280443446,31,0.2
1609.6394583479307,32,0.2
1611.4091632952316,31,0.2
1611.8583708627314,32,0.2
1614.8092011528863,31,0.2
1616.8389052985196,32,0.2
1618.8642942469353,31,0.2
1624.4651960515216,32,0.2
1627.3035658105541,33,0.2
1627.6771954101443,32,0.2
1627.870379136508,33,0.2
1635.2364262326005,34,0.2
1638.0396838990964,35,0.2
1640.7875111849648,34,0.2
1648.8616354418873,35,0.2
1649.667527050283,34,0.2
1651.720638113471,33,0.2
1652.1084665651156,34,0.2
1654.1992308835947,33,0.2
1655.3635567114563,33,0.2
1656.327950340489,34,0.2
1657.0568041585873,33,0.2
1660.7046199851493,34,0.2
1661.480735357015,35,0.2
1661.571962486202,36,0.2
1662.393371920318,35,0.2
1664.1822715205408,35,0.2
1665.1540531253136,36,0.2
1667.9932592887203,35,0.2
1670.9959956879925,34,0.2
1671.0275046188249,34,0.2
1673.6459237512113,35,0.2
1675.088685643027,34,0.2
1676.3106156690146,35,0.2
1676.697183216262,35,0.2
1676.8587033277427,35,0.2
1680.3649055584424,34,0.2
1682.3085085075872,34,0.2
1686.0910988968194,33,0.2
1686.150098016559,34,0.2
1689.7253480090633,33,0.2
1691.2395637527895,33,0.2
1694.8375464238313,32,0.2
1694.9483709547624,32,0.2
1696.0136847985455,32,0.2
1698.2774459252971,33,0.2
1698.3752420673904,32,0.2
1698.753306780039,32,0.2
1700.811441320575,33,0.2
1702.7548271731196,32,0.2
1703.2643673162643,32,0.2
1706.0682324144875,31,0.2
1708.0039678892338,32,0.2
1709.7086001768992,31,0.2
1710.6177280455465,31,0.2
1713.6713321119944,30,0.2
1713.9100459815425,30,0.2
1716.4750807669561,29,0.2
1718.2679579634812,30,0.2
1718.8181599559846,29,0.2
1720.1642678819805,30,0.2
1721.8955406730302,29,0.2
1731.0664336680552,28,0.2
1739.8623022954084,27,0.2
1743.6082098199163,26,0.2
1744.653066268794,27,0.2
1744.8724380727174,27,0.2
1745.5818005184979,27,0.2
1750.9081346282226,28,0.2
1751.3364932834486,27,0.2
1751.428923190084,27,0.2
1754.0945751543445,26,0.2
1754.2301618217996,27,0.2
1754.69008204287,27,0.2
1755.4628515996014,27,0.2
1767.6239735975992,28,0.2
1767.932260812196,27,0.2
1774.0540664510877,26,0.2
1774.5002908757328,27,0.2
1774.682406164312,27,0.2
1778.619816369952,28,0.2
1784.0655535766687,27,0.2
1787.593480949105,28,0.2
1788.8085952100969,29,0.2
1789.7668026538663,28,0.2
1790.6365327568624,28,0.2
1792.352768941336,29,0.2
1793.006304293374,28,0.2
1797.051452579276,29,0.2
1800.1443994022789,28,0.2
1806.9592775167125,27,0.2
1807.4342268404118,27,0.2
1809.5675850746798,26,0.2
1811.167458117243,26,0.2
1812.9145429127132,25,0.2
1813.676807153733,25,0.2
1817.588710614826,26,0.2
1829.961740829271,25,0.2
1830.3095461490434,26,0.2
1831.1259744193605,26,0.2
1842.6481297061819,27,0.2
1843.2599056966953,26,0.2
1844.2915742653238,26,0.2
1844.4398300317728,27,0.2
1851.688148353142,26,0.2
1852.7021726115722,26,0.2
1853.5892488704562,26,0.2
1860.5276633111157,27,0.2
1862.9940996971034,28,0.2
1864.2813761602997,27,0.2
1865.2056082614322,27,0.2
1872.7397758149798,26,0.2
1878.0959829368644,27,0.2
1881.3910640819252,26,0.2
1882.1196820894727,27,0.2
1882.9975294659534,28,0.2
1884.4020026121282,27,0.2
1884.8466423819384,28,0.2
1885.785188474741,29,0.2
1888.729773923114,28,0.2
1889.2812968248547,28,0.2
1889.8293339150698,29,0.2
1891.005655194063,28,0.2
1891.8652284921927,28,0.2
1893.5741005854918,27,0.2
1894.5734372680658,28,0.2
1894.6202958619936,29,0.2
1896.629719121774,30,0.2
1896.8182468314176,29,0.2
1902.8192399785344,30,0.2
1902.957592017004,31,0.2
1903.4241047081457,30,0.2
1903.9527312912178,30,0.2
1908.8209977220747,29,0.2
1913.2790842118875,30,0.2
1917.957840330824,31,0.2
1919.7752292446144,32,0.2
1920.0481289392,31,0.2
1920.8376511637043,31,0.2
1920.9440057221025,32,0.2
1921.1297050220735,33,0.2
1921.707234156078,33,0.2
1925.966841773117,34,0.2
1927.5759392099633,35,0.2
1929.6883255456194,36,0.2
1931.3966960400169,35,0.2
1933.1147095565893,35,0.2
1933.2030113093224,36,0.2
1935.5984866380506,37,0.2
1937.0770777346363,38,0.2
1941.457014317881,39,0.2
1941.7931212856931,38,0.2
1942.1998489837504,39,0.2
1943.7679203509113,39,0.2
1946.0599365048106,40,0.2
1948.6478751117381,41,0.2
1949.8958366376173,40,0.2
1951.1445012159427,41,0.2
1953.823917629168,42,0.2
1954.0968180866253,41,0.2
1956.7021495187978,40,0.2
1956.943833853849,41,0.2
1957.1614199334977,41,0.2
1960.716907096715,40,0.2
1963.5170804001627,39,0.2
1964.583327862322,40,0.2
1965.1900150336376,40,0.2
1968.7258433892482,39,0.2
1968.8805366168433,40,0.2
1971.1743092741326,39,0.2
1973.6589063198508,38,0.2
1973.8432215801945,38,0.2
1974.79567444752,39,0.2
1974.812335722522,40,0.2
1977.4332108737037,41,0.2
1977.7269487114531,40,0.2
1977.893353990194,40,0.2
1980.703394162176,39,0.2
1982.8392814618583,40,0.2
1983.0556103446104,41,0.2
1984.5011436602804,42,0.2
1989.435191793822,41,0.2
1991.8782185162975,40,0.2
1994.113742117607,39,0.2
1995.6437638841182,40,0.2
1997.1831072535283,39,0.2
1997.2387682683511,39,0.2
1997.9753862727057,39,0.2
1999.3738488902816,40,0.2
1.9314122869597183,1,0.175
7.1708846442612995,0,0.175
10.738444117500142,0,0.175
11.704777157115183,1,0.175
12.49432722849523,0,0.175
13.973105139359985,0,0.175
16.35506633154227,0,0.175
20.19147145641504,0,0.175
20.234672938791032,0,0.175
21.26779628709981,0,0.175
22.74711213787069,1,0.175
29.020613917497073,0,0.175
30.753391205375117,0,0.175
33.34500921564746,1,0.175
33.87060299818719,0,0.175
34.6449578596704,0,0.175
35.07980544972182,1,0.175
36.29078788737718,0,0.175
38.044889082675674,1,0.175
38.19630951853573,0,0.175
39.53782300743241,0,0.175
49.3205188791857,1,0.175
51.75118210024691,0,0.175
53.02087982851062,0,0.175
55.779963687580164,0,0.175
62.27603373315296,0,0.175
64.44725672524285,1,0.175
65.4998283943676,0,0.175
65.82741866789056,0,0.175
71.73494397457145,1,0.175
72.5605085314832,0,0.175
82.28542981328914,0,0.175
82.91914438091963,0,0.175
84.65856000920951,1,0.175
85.4466077233198,0,0.175
86.07359990073346,0,0.175
86.34895921046498,1,0.175
87.19558446565948,0,0.175
87.60281134090862,0,0.175
88.64033346544151,0,0.175
92.71189483468768,1,0.175
95.70606412865548,2,0.175
96.2328152450881,1,0.175
99.555597239101,0,0.175
102.04432377833872,0,0.175
102.14125601456487,1,0.175
110.05683358041587,2,0.175
111.39808949513099,1,0.175
114.2327908876111,0,0.175
116.35687231230351,1,0.175
117.47919870590998,0,0.175
118.42066496498819,1,0.175
118.52860908150988,2,0.175
122.4647130519163,1,0.175
126.3716317997321,2,0.175
126.77525664638333,3,0.175
128.70812648925823,4,0.175
130.09630653447098,3,0.175
130.86378077182994,4,0.175
135.69603228639406,5,0.175
137.0833355073506,6,0.175
137.594192032132,5,0.175
139.31022761851557,5,0.175
140.3715204389294,6,0.175
141.85321005176684,5,0.175
141.87900608579614,5,0.175
143.42027759953626,5,0.175
143.7051800653587,6,0.175
144.33886101539608,5,0.175
146.9346714720472,4,0.175
155.30692534589915,3,0.175
157.80936302692308,4,0.175
160.28051779179958,5,0.175
162.36815773589936,6,0.175
163.80058519736957,5,0.175
163.82526081375727,6,0.175
167.41114582240175,7,0.175
168.54699320932778,6,0.175
171.06383979942584,5,0.175
174.00439549991586,4,0.175
174.27252082317133,4,0.175
174.92369693892996,5,0.175
176.1419826020249,6,0.175
181.19814694866682,5,0.175
182.9915155794607,6,0.175
183.8706401173689,7,0.175
187.19421587441428,8,0.175
187.49235345663283,7,0.175
190.4319898747323,8,0.175
194.21874881789395,9,0.175
197.0795019066879,8,0.175
198.0189529507418,8,0.175
200.57055708423061,7,0.175
204.17853404862444,6,0.175
207.76515287223975,7,0.175
210.56600077843495,8,0.175
212.87870496752066,7,0.175
214.59366272847413,7,0.175
216.54293039547255,6,0.175
221.09672022937363,5,0.175
221.25631946487715,6,0.175
221.26101009645188,6,0.175
222.01902574784376,7,0.175
223.25318313010445,6,0.175
224.02230641014478,6,0.175
226.99936968110956,5,0.175
231.08457322037873,4,0.175
234.4077918774678,3,0.175
235.12413718727234,3,0.175
240.02029666942624,4,0.175
242.94831602589576,5,0.175
248.26179807914173,6,0.175
250.46489402090276,5,0.175
252.40835438023018,6,0.175
253.38858109397364,7,0.175
254.49083024671722,6,0.175
259.89777020836397,7,0.175
263.3142688432059,6,0.175
266.71808257815536,7,0.175
274.2546261370249,6,0.175
275.37957455792105,6,0.175
277.42872130194553,5,0.175
278.42734800426615,6,0.175
280.34705671979253,7,0.175
281.9983830975573,8,0.175
282.31902652553373,7,0.175
282.41176369262024,7,0.175
283.3576710761001,7,0.175
284.0487084331172,7,0.175
287.9106846280183,6,0.175
288.7282366494614,7,0.175
291.7104416893717,6,0.175
295.94855387861645,7,0.175
298.5014276402364,6,0.175
298.70711062461703,7,0.175
299.511874826645,8,0.175
301.59426325447004,7,0.175
301.7109264954822,7,0.175
301.76849008233563,7,0.175
305.7782834749671,6,0.175
305.8699190517963,7,0.175
305.884413009033,7,0.175
307.2537147877031,7,0.175
314.3356486441651,8,0.175
316.41230583361255,7,0.175
316.5279002362645,8,0.175
318.2194174601028,9,0.175
318.97978382554885,8,0.175
319.29697914822344,8,0.175
322.8488946792154,7,0.175
322.9810870594439,8,0.175
323.51481463855043,8,0.175
324.7806351321742,8,0.175
324.93242889866156,7,0.175
335.20780438220754,6,0.175
335.33926298727846,7,0.175
338.3712298189239,6,0.175
338.47470802275257,6,0.175
338.82189971729326,6,0.175
341.26153173140926,7,0.175
341.5325774285167,6,0.175
344.54175390138266,7,0.175
349.2350828652243,8,0.175
349.81009702245495,7,0.175
352.3194722992952,6,0.175
353.69062170671174,6,0.175
354.50962225580747,5,0.175
357.0377177233513,6,0.175
357.2274412504158,5,0.175
358.55273073933563,5,0.175
359.1673102097198,5,0.175
360.2329821396662,6,0.175
367.1724133604596,7,0.175
368.3741279668501,8,0.175
370.2229041347919,7,0.175
377.84057703308287,6,0.175
383.68767748034844,7,0.175
388.6660358046854,8,0.175
388.71593384117875,7,0.175
391.1089268410787,6,0.175
391.22908147300933,6,0.175
392.0325032504686,6,0.175
393.15675340196094,5,0.175
397.6087689004162,6,0.175
398.6891609440042,5,0.175
399.36943189880503,5,0.175
400.19268387179727,5,0.175
402.19896277874875,4,0.175
402.22282120258404,4,0.175
403.09634776121675,4,0.175
411.5737209455228,5,0.175
422.37701383042275,6,0.175
423.5742217563696,5,0.175
425.0055689354782,5,0.175
426.89649392959547,6,0.175
430.5972859843046,5,0.175
431.39273748345255,5,0.175
432.51737815483347,5,0.175
433.8501913677781,6,0.175
433.97353667467877,5,0.175
435.62964358849393,5,0.175
435.68898178487825,5,0.175
438.86928962944813,4,0.175
441.10620571291696,5,0.175
445.65792521340376,6,0.175
446.3425354226895,5,0.175
446.4549804309701,5,0.175
446.9329766365306,5,0.175
448.2423489484814,6,0.175
453.40063322274386,7,0.175
453.5627231956048,6,0.175
455.1886833857506,7,0.175
457.20068721228546,6,0.175
457.31050714779514,6,0.175
459.9634514997451,5,0.175
461.69182575386844,5,0.175
462.32654009987544,6,0.175
469.31933071706976,5,0.175
469.90099448780484,6,0.175
471.640742904401,7,0.175
474.63061255984985,6,0.175
476.45046691991456,6,0.175
476.7054366809175,7,0.175
477.5804911886992,8,0.175
478.29746688954464,7,0.175
478.5162230258805,7,0.175
481.08795476789965,6,0.175
481.7369840353994,6,0.175
486.4865190916929,7,0.175
490.4797805095326,8,0.175
490.7261504271201,7,0.175
494.47691836102473,6,0.175
495.5665369336288,6,0.175
495.61931708710006,6,0.175
497.1154659316362,5,0.175
498.5579311864958,5,0.175
499.4834660953863,4,0.175
500.77101212127985,4,0.175
502.3811116592517,3,0.175
502.5371151471033,3,0.175
507.4674508148578,2,0.175
521.5079180212987,1,0.175
522.0392470983353,1,0.175
522.1300053591206,2,0.175
523.1545984218064,3,0.175
524.8033582427785,2,0.175
526.0121792518979,2,0.175
526.4204175579713,2,0.175
528.8483450607836,1,0.175
529.8931606613767,1,0.175
532.8109418671075,0,0.175
533.1465095546502,0,0.175
535.4054906394424,0,0.175
535.8896300349719,0,0.175
538.2259689953333,0,0.175
542.5200808197527,0,0.175
542.701672056015,0,0.175
543.3237500567193,1,0.175
544.2587533847575,0,0.175
544.938514566898,0,0.175
546.1120640460884,0,0.175
554.7124258117065,0,0.175
554.8712762453328,0,0.175
555.05028410656,0,0.175
556.4456428897654,1,0.175
559.1308545774467,0,0.175
559.3967911230069,0,0.175
560.0424712888959,0,0.175
561.9470470874741,1,0.175
564.4614861317233,0,0.175
565.7547941973521,0,0.175
570.9584225645399,0,0.175
572.9332802105978,0,0.175
573.852028260197,1,0.175
577.8401670346232,0,0.175
583.0690988103999,1,0.175
583.1508804767534,0,0.175
584.6811168584721,1,0.175
584.7353296756662,0,0.175
586.1035772878523,1,0.175
588.2363482879906,0,0.175
593.6782107579156,0,0.175
597.1046559655708,0,0.175
599.0495449952331,0,0.175
599.7408343239952,0,0.175
602.0416552601735,0,0.175
610.0220477541732,0,0.175
611.7834820169775,0,0.175
612.5596985646647,1,0.175
615.019873279839,0,0.175
616.447353298965,1,0.175
616.6749507208634,0,0.175
617.3507731681707,0,0.175
619.732531715492,1,0.175
624.7694502192777,2,0.175
631.84101804114,1,0.175
632.4719911910948,2,0.175
632.836509387865,2,0.175
635.1404578966614,1,0.175
635.3280713130699,1,0.175
635.9851941912426,1,0.175
639.0348827302997,0,0.175
640.617326922576,1,0.175
640.8584101986214,0,0.175
641.7245432674061,1,0.175
642.185782094604,2,0.175
643.2127099913538,1,0.175
643.4656120091237,1,0.175
644.9582960020142,2,0.175
647.8290196301624,1,0.175
648.8005433856971,2,0.175
652.2577420864111,1,0.175
653.0756047448041,1,0.175
654.8992247517899,0,0.175
655.1816748306,0,0.175
657.4784707616562,1,0.175
658.64937793513,0,0.175
659.7465431906368,0,0.175
659.8394650305265,0,0.175
666.4570382876591,0,0.175
667.8097999823765,1,0.175
670.3412632276487,0,0.175
674.7198475150293,0,0.175
675.2512492951622,0,0.175
677.3915779218794,0,0.175
679.6121576417141,0,0.175
680.1909022781144,0,0.175
680.5664559747624,0,0.175
687.968335669075,0,0.175
688.490202763949,1,0.175
689.0757578230291,0,0.175
690.0695390278293,0,0.175
690.6894478567575,0,0.175
691.2571179563304,0,0.175
700.3286743330832,0,0.175
701.541479115433,0,0.175
702.4536294599491,1,0.175
702.783447539598,2,0.175
704.0869719966905,1,0.175
705.0972704149348,2,0.175
706.0849658522837,1,0.175
708.7733348195907,2,0.175
710.8169741971561,1,0.175
711.7092335463142,1,0.175
712.7977514222824,1,0.175
715.4027857269903,0,0.175
718.605081071831,0,0.175
719.7434759926667,1,0.175
727.486355066456,0,0.175
727.8423163296726,0,0.175
728.7637429838969,1,0.175
731.3586163964089,2,0.175
731.8592633214494,1,0.175
732.0506456379637,2,0.175
734.4147198916736,1,0.175
734.885236683101,1,0.175
734.9403344867159,1,0.175
736.5800887015903,2,0.175
737.5570811163933,1,0.175
739.2596717381267,2,0.175
739.2923418012412,2,0.175
740.6984974003667,3,0.175
741.2339989123361,2,0.175
744.0488710143939,1,0.175
744.5453010749503,1,0.175
745.4491280279349,2,0.175
745.7843045512083,2,0.175
752.0569938393915,1,0.175
760.823541583857,0,0.175
767.2956530536692,0,0.175
770.623284087655,0,0.175
772.0523808836944,1,0.175
784.3159230297383,0,0.175
786.6713982089775,0,0.175
789.4937990532605,1,0.175
790.5703233169892,0,0.175
791.5508732379848,0,0.175
792.273236502291,0,0.175
797.7652399818187,1,0.175
804.1217181525094,2,0.175
806.5563296999077,3,0.175
809.0741320035311,2,0.175
810.4168129539497,3,0.175
811.4631459421352,4,0.175
811.8881614861763,5,0.175
817.8236219566757,4,0.175
818.4207187196325,4,0.175
818.5589643001188,5,0.175
820.6974775089151,4,0.175
821.9308543250272,4,0.175
822.0126766041916,4,0.175
822.3403091665256,4,0.175
823.1641178268035,3,0.175
823.8646272275223,3,0.175
823.9704198665772,4,0.175
824.4041775476707,4,0.175
825.7352261092169,5,0.175
831.87335607755,6,0.175
835.6505096483086,5,0.175
836.2588667501293,5,0.175
839.2362774951001,4,0.175
842.9502287954518,5,0.175
843.0491400466717,4,0.175
844.2566437273459,4,0.175
844.4145247962958,4,0.175
846.7161674052214,3,0.175
846.7395720093273,4,0.175
850.0874995048117,5,0.175
854.2654209232237,4,0.175
854.660552814857,5,0.175
856.6565806182196,4,0.175
858.7799893433488,3,0.175
861.3544378946497,2,0.175
862.0478630433179,3,0.175
862.4372224275683,3,0.175
862.7358208509542,3,0.175
863.2760319106663,3,0.175
864.5733387166567,2,0.175
865.2791766993342,2,0.175
867.9036313700188,3,0.175
867.9267096677622,4,0.175
868.8474015731313,3,0.175
872.31030884136,2,0.175
874.5041098779508,1,0.175
875.2876371810638,2,0.175
877.5174712130686,3,0.175
877.53554141476,4,0.175
878.8271495298526,3,0.175
885.5439485358906,2,0.175
886.2566503429289,3,0.175
886.8058330575411,3,0.175
888.3352846100079,4,0.175
889.7443618809924,3,0.175
894.4077499354217,4,0.175
896.9560844174154,3,0.175
903.7425022171112,4,0.175
904.2065361634811,3,0.175
906.5425546365973,2,0.175
908.5192621144428,2,0.175
909.0394568411108,1,0.175
910.3184739114987,0,0.175
912.1506871487857,1,0.175
912.1943899267312,0,0.175
913.7939930196046,0,0.175
919.6906941061604,1,0.175
922.6326813379936,0,0.175
926.205618608821,0,0.175
926.7630457793431,0,0.175
928.1277179203996,1,0.175
930.8334334357316,2,0.175
931.1744817518085,1,0.175
939.7583403224404,0,0.175
942.7110534472102,0,0.175
943.0225747040926,0,0.175
943.5969603377296,0,0.175
946.2732180240096,1,0.175
946.7688347810752,0,0.175
947.1096547095234,1,0.175
958.4693752332572,0,0.175
959.1342019975011,1,0.175
960.0202686429985,2,0.175
965.321777673386,1,0.175
966.4690427291696,2,0.175
967.403125227472,2,0.175
967.9097229201587,2,0.175
968.6181667662731,1,0.175
970.9028594250183,0,0.175
971.1249488366298,0,0.175
975.5171841101235,0,0.175
977.0472285710526,0,0.175
979.1193457169919,1,0.175
980.2804132713177,2,0.175
981.2144197745425,1,0.175
984.0048646777517,2,0.175
984.3112129748083,3,0.175
987.402378529334,2,0.175
988.2377648170035,3,0.175
991.2492771577462,2,0.175
993.8703767546965,3,0.175
994.5239326038317,2,0.175
995.296121028721,2,0.175
997.3879879173786,1,0.175
1001.1138186658269,0,0.175
1002.6687729074256,1,0.175
1007.3335027713806,0,0.175
1007.487300231504,0,0.175
1010.9041463736477,0,0.175
1010.9609296060812,0,0.175
1017.9098645158613,0,0.175
1018.9275467695334,0,0.175
1020.3194117554954,1,0.175
1022.2919999910932,2,0.175
1028.3830816026618,3,0.175
1031.1978932519248,4,0.175
1032.0704150244696,5,0.175
1032.817429149163,4,0.175
1033.0548920786193,4,0.175
1033.0643230806727,5,0.175
1037.3956838514605,4,0.175
1038.1597769891764,4,0.175
1040.3239077815153,3,0.175
1041.34748898365,4,0.175
1044.5746904790367,3,0.175
1045.877071474372,3,0.175
1046.3051136416484,4,0.175
1046.7566199840164,3,0.175
1047.6679923191612,4,0.175
1053.312390449062,3,0.175
1055.5936876226406,2,0.175
1057.4606971601884,3,0.175
1060.0554496270925,4,0.175
1061.5944232991822,5,0.175
1062.683935929158,4,0.175
1062.8662912640862,5,0.175
1066.9139972342732,4,0.175
1069.2953941741496,3,0.175
1069.6545270184629,4,0.175
1070.6958510232812,4,0.175
1072.4756875504859,5,0.175
1073.9670122526252,6,0.175
1074.7327079858023,7,0.175
1076.6414107682292,6,0.175
1079.537817810809,5,0.175
1079.7351567900096,5,0.175
1083.3283467265524,4,0.175
1083.349154383552,4,0.175
1084.0864838857458,4,0.175
1085.0004363408782,5,0.175
1085.6436065131081,4,0.175
1086.3329218281601,4,0.175
1086.6743150687587,5,0.175
1088.2175631182574,6,0.175
1093.496484351068,5,0.175
1094.1426790516675,5,0.175
1099.9519171374302,4,0.175
1101.5026965280001,4,0.175
1106.119107025207,5,0.175
1107.0823416647063,4,0.175
1111.2303302714874,3,0.175
1113.9000559949068,2,0.175
1127.6857336994615,3,0.175
1128.2486471367595,2,0.175
1132.742186193063,1,0.175
1137.6993342307844,0,0.175
1138.8516180389274,1,0.175
1141.305331918751,0,0.175
1146.2648799647402,1,0.175
1148.5765032445056,2,0.175
1148.7692750280742,1,0.175
1153.9204748749,0,0.175
1157.30886109096,1,0.175
1159.518313049935,0,0.175
1161.965817267048,1,0.175
1163.0369140963965,0,0.175
1164.556716172539,0,0.175
1165.3756203507276,0,0.175
1167.0743887089147,1,0.175
1174.7549341972676,2,0.175
1174.917217603817,1,0.175
1176.9724394266887,0,0.175
1180.5760289303514,0,0.175
1187.893938811174,1,0.175
1188.477105418975,0,0.175
1188.5212424127544,1,0.175
1190.101104537548,2,0.175
1192.03266909786,3,0.175
1192.2118770483496,2,0.175
1192.232306648419,3,0.175
1192.571882909124,4,0.175
1192.7856062435187,4,0.175
1195.116097624982,5,0.175
1196.6932735559965,4,0.175
1199.8998386755206,5,0.175
1200.650366092356,6,0.175
1205.0209525999583,5,0.175
1210.546413580251,6,0.175
1213.4808988671941,5,0.175
1214.7473998555738,5,0.175
1221.2857054058622,6,0.175
1221.688573737282,7,0.175
1221.8261149237753,8,0.175
1223.4237199151628,7,0.175
1224.2926755763854,8,0.175
1224.4610311546767,9,0.175
1224.4992082226418,9,0.175
1224.8476974064952,9,0.175
1225.8315955475969,8,0.175
1227.2555182578178,8,0.175
1231.6766483000715,7,0.175
1232.1036030975954,7,0.175
1232.130803176973,7,0.175
1233.9320902230775,6,0.175
1234.751900700588,6,0.175
1235.17705163248,6,0.175
1244.6900011527405,5,0.175
1245.594078763206,5,0.175
1246.1315386858007,5,0.175
1246.3135997405193,5,0.175
1247.6575096464758,4,0.175
1250.8738386196867,3,0.175
1255.333494981074,2,0.175
1256.1256419428128,2,0.175
1260.451733767045,1,0.175
1261.1911355437844,2,0.175
1262.0202331982696,2,0.175
1264.2038534296973,1,0.175
1264.6979347096617,1,0.175
1265.815347374138,2,0.175
1267.5754880345905,1,0.175
1270.5577457595207,0,0.175
1271.5874487940757,1,0.175
1273.32955069284,0,0.175
1273.7914160553062,0,0.175
1275.7951424993464,0,0.175
1276.4152701573014,1,0.175
1276.5582048080885,1,0.175
1276.6321350555083,1,0.175
1276.9627094708746,2,0.175
1286.0159977593066,3,0.175
1286.2461615582893,4,0.175
1286.9872100679843,3,0.175
1290.5660975486564,2,0.175
1295.8598666315143,1,0.175
1301.5001535232022,2,0.175
1305.641973159063,1,0.175
1306.5531411614431,1,0.175
1309.4663870637683,0,0.175
1313.4488376182471,1,0.175
1327.61644685408,2,0.175
1330.5011823709713,1,0.175
1331.7629777556515,1,0.175
1334.9632311023577,2,0.175
1335.829141758781,1,0.175
1341.7629469550982,2,0.175
1343.6812379176054,1,0.175
1344.6644320142889,1,0.175
1344.9058409150455,0,0.175
1345.0674587801338,1,0.175
1346.4410229553914,2,0.175
1349.3592895975662,1,0.175
1353.1135402468726,2,0.175
1355.8681830411595,3,0.175
1357.6631592937133,2,0.175
1359.470527070715,2,0.175
1359.7437336656446,3,0.175
1360.8430416124188,2,0.175
1361.067151957426,2,0.175
1361.901844389051,2,0.175
1363.3133724165261,1,0.175
1364.815651849128,1,0.175
1365.4828742033985,0,0.175
1366.1967710865497,1,0.175
1366.8717081209031,2,0.175
1371.9203327728294,1,0.175
1372.1874391800968,2,0.175
1373.1489879507567,2,0.175
1373.9069400166204,2,0.175
1374.4662035229471,2,0.175
1375.5250671374288,1,0.175
1384.881182741379,0,0.175
1389.3006482506,0,0.175
1390.4608591500325,0,0.175
1391.6267552479935,0,0.175
1391.6919580629317,1,0.175
1392.135501564948,1,0.175
1394.1667210988464,0,0.175
1397.8401495023973,0,0.175
1400.2841322880686,0,0.175
1403.4095821434214,0,0.175
1411.0986327439134,0,0.175
1413.4133720217228,1,0.175
1417.4747287851496,0,0.175
1422.7115225020436,1,0.175
1422.9570651386032,2,0.175
1426.7201433436692,1,0.175
1432.4151614649982,2,0.175
1438.7561467608036,3,0.175
1439.6383073453128,2,0.175
1442.6380351416879,3,0.175
1443.5055804658798,2,0.175
1447.3128114408191,1,0.175
1447.474132645485,0,0.175
1448.2025704075886,0,0.175
1448.951477543575,0,0.175
1454.32343460106,1,0.175
1454.4400511758806,2,0.175
1456.2229512088718,3,0.175
1457.8911122255918,2,0.175
1458.61274085241,2,0.175
1461.7311609253356,1,0.175
1462.1927753996574,2,0.175
1462.4311135806477,2,0.175
1464.9266723789622,1,0.175
1466.7475956287235,1,0.175
1468.7846831775244,0,0.175
1472.1176074887146,0,0.175
1472.4614858892996,0,0.175
1473.5055048375918,0,0.175
1473.6978068313192,1,0.175
1477.6807877310137,0,0.175
1478.6859673895083,0,0.175
1481.506026178477,0,0.175
1484.076189890712,1,0.175
1485.2319348409526,0,0.175
1486.2171830419247,1,0.175
1486.8837362956294,0,0.175
1488.2560897654712,0,0.175
1488.545360234867,0,0.175
1489.8870831301888,1,0.175
1491.377417180452,0,0.175
1492.6073927497046,0,0.175
1494.0418101954797,1,0.175
1494.7175734642346,2,0.175
1495.30120880021,1,0.175
1500.5522629682177,2,0.175
1501.1814463728715,1,0.175
1501.1848781133572,1,0.175
1501.2666375332997,2,0.175
1507.9364894601879,3,0.175
1508.7116928088446,2,0.175
1518.5558466099706,1,0.175
1519.1453826263707,1,0.175
1520.7732418541138,0,0.175
1523.3020744971118,0,0.175
1523.9204145712602,0,0.175
1525.3885876322952,1,0.175
1526.7556889922687,2,0.175
1527.6754543023853,1,0.175
1528.7779836062107,0,0.175
1529.3832209053057,0,0.175
1534.736841444219,0,0.175
1537.7535414897693,0,0.175
1538.20414381752,0,0.175
1538.3809558260675,1,0.175
1540.0633396214648,0,0.175
1541.986078044686,0,0.175
1543.2706088563841,0,0.175
1544.388411327259,0,0.175
1562.3670469537144,0,0.175
1562.4157712241483,1,0.175
1566.3949624905351,0,0.175
1566.6301071415653,0,0.175
1567.0960499543637,1,0.175
1567.103613076487,2,0.175
1567.908652995832,1,0.175
1568.304588004265,1,0.175
1571.3603443537609,0,0.175
1571.5064707278632,0,0.175
1572.231200218363,0,0.175
1572.3608123238316,0,0.175
1573.2407744639745,0,0.175
1574.5292628046013,0,0.175
1578.0648789772613,1,0.175
1578.3299607245783,0,0.175
1580.8531244456788,1,0.175
1582.7238531012397,0,0.175
1583.6721541190343,1,0.175
1584.1826700316296,2,0.175
1586.0433045656703,1,0.175
1586.4540986387167,1,0.175
1593.242809460516,0,0.175
1596.0858747402838,0,0.175
1601.1345044216623,0,0.175
1601.3957294846616,0,0.175
1602.5880731097654,0,0.175
1603.4609652437655,0,0.175
1604.5156721182766,1,0.175
1605.137013058795,0,0.175
1608.1821015973426,0,0.175
1610.17807818925,1,0.175
1611.6251947381188,0,0.175
1612.2003681524786,1,0.175
1614.3234636507862,0,0.175
1614.982413388418,0,0.175
1616.5516571754426,0,0.175
1617.4993331928627,0,0.175
1619.048736732828,0,0.175
1621.3944617054974,0,0.175
1621.6823570957536,0,0.175
1623.6367428571584,0,0.175
1624.280730298093,1,0.175
1630.931778881748,0,0.175
1633.0240169945623,1,0.175
1635.262168591412,0,0.175
1636.14312045136,1,0.175
1641.0235456304263,0,0.175
1641.1957297172883,0,0.175
1641.5448548203856,1,0.175
1643.8490134250567,0,0.175
1648.3942441251997,1,0.175
1650.3316899258723,2,0.175
1650.8651167220298,3,0.175
1651.7314844583752,2,0.175
1652.745550321059,3,0.175
1653.0513783956756,4,0.175
1653.555079320588,5,0.175
1657.2821950861407,4,0.175
1657.290403196292,4,0.175
1658.8494721035875,4,0.175
1664.9409275068376,5,0.175
1666.3014672412519,4,0.175
1667.049926258892,4,0.175
1670.8809133565762,5,0.175
1671.617858271698,6,0.175
1672.0429853984144,7,0.175
1673.4143556086965,6,0.175
1673.422908213134,6,0.175
1678.8382534424645,7,0.175
1680.110448300712,6,0.175
1680.5907604548572,6,0.175
1681.0875894542621,6,0.175
1682.2266203418717,5,0.175
1683.9200330737892,5,0.175
1686.5591230534415,4,0.175
1688.1111206260794,4,0.175
1694.832192703866,5,0.175
1695.1531125586312,4,0.175
1695.1684913607185,4,0.175
1698.7248465777152,3,0.175
1700.6310468040538,3,0.175
1701.6197963823395,4,0.175
1702.3153768967102,3,0.175
1703.9410673508773,3,0.175
1704.0670146407126,2,0.175
1704.1029231055838,2,0.175
1705.1370300368703,2,0.175
1711.9993485443597,1,0.175
1715.147674605855,0,0.175
1719.023810156336,0,0.175
1719.476213052879,0,0.175
1720.7202903769507,0,0.175
1720.7911698497064,0,0.175
1721.0232115776064,0,0.175
1721.1823989151312,0,0.175
1722.502860023578,0,0.175
1723.3119194482183,1,0.175
1723.5104068186477,2,0.175
1725.570231950571,3,0.175
1725.876352193893,4,0.175
1732.5761774915336,3,0.175
1739.3612087451388,4,0.175
1741.927244111519,3,0.175
1741.9462211810326,3,0.175
1743.9148753820966,4,0.175
1744.5418206337965,5,0.175
1746.9821811859156,4,0.175
1749.0057825517922,3,0.175
1749.0429647068554,3,0.175
1749.8870161351113,3,0.175
1751.678781188365,4,0.175
1751.8611920262672,3,0.175
1752.1799989695764,3,0.175
1753.3101874693875,3,0.175
1755.437083361668,2,0.175
1759.7815254385237,1,0.175
1760.033022487533,1,0.175
1763.2520208276305,0,0.175
1767.0926224828033,0,0.175
1768.053365053112,1,0.175
1769.8908107713023,0,0.175
1771.4331454084636,1,0.175
1775.0537682839597,0,0.175
1775.837916292281,1,0.175
1778.5610334435708,0,0.175
1778.6750729195458,1,0.175
1782.185849900041,0,0.175
1787.8931363435197,1,0.175
1791.3589281613522,2,0.175
1792.9574672166525,1,0.175
1798.8171887285596,2,0.175
1799.0674213498453,3,0.175
1799.7124287405302,2,0.175
1805.172701470548,1,0.175
1807.2161145334178,0,0.175
1807.7231772838766,0,0.175
1810.5002854070879,1,0.175
1810.546203890989,2,0.175
1813.2436123618622,1,0.175
1815.5519592271069,1,0.175
1817.3046746005066,0,0.175
1817.4149816645497,0,0.175
1826.22443871768,0,0.175
1834.8127437504966,0,0.175
1838.9664909336277,0,0.175
1843.6160149811049,0,0.175
1846.0596062012974,0,0.175
1850.8889469320811,1,0.175
1850.9087149945692,2,0.175
1851.8546674892261,1,0.175
1853.6157565962817,0,0.175
1854.7349077919762,0,0.175
1855.6500445026352,0,0.175
1856.0170299869822,0,0.175
1859.528477800549,0,0.175
1860.597129831344,1,0.175
1863.4440333582224,2,0.175
1870.6196355094555,3,0.175
1870.982089065916,2,0.175
1874.932306325425,3,0.175
1875.6831340982978,2,0.175
1877.3420462534334,2,0.175
1883.8552047976043,1,0.175
1884.4419127191945,2,0.175
1884.9370057797519,3,0.175
1885.3473484232554,4,0.175
1885.808281033448,4,0.175
1886.4651200957571,5,0.175
1886.5397287566236,6,0.175
1887.2648961420248,5,0.175
1888.9324484205872,6,0.175
1889.8422593636615,7,0.175
1892.6287797985199,6,0.175
1898.152242281436,5,0.175
1899.8131233673362,5,0.175
1902.9924313788608,4,0.175
1905.530323377023,5,0.175
1911.2933549941329,6,0.175
1911.5000373485323,7,0.175
1913.8222585991496,6,0.175
1914.3565929021256,7,0.175
1918.6040812253207,8,0.175
1921.3544543588828,9,0.175
1924.1244649405678,8,0.175
1929.9775442428884,7,0.175
1930.1968961793857,7,0.175
1930.7905008050122,7,0.175
1934.3160399220496,8,0.175
1934.3657806974238,7,0.175
1935.819285396329,7,0.175
1940.525801398622,8,0.175
1951.1887754657207,7,0.175
1953.3238256173684,6,0.175
1954.6753466191212,6,0.175
1956.7243482586048,7,0.175
1957.087682876036,8,0.175
1958.0324278641865,9,0.175
1961.6290004180078,10,0.175
1962.0200497466676,9,0.175
1963.548412424467,9,0.175
1965.1751211721055,8,0.175
1968.9650696177591,7,0.175
1970.108172507101,7,0.175
1970.3877929789912,8,0.175
1971.7842511214205,7,0.175
1979.008080565515,6,0.175
1981.7586765543479,5,0.175
1982.1046846743316,6,0.175
1983.7919978689326,5,0.175
1985.158212634969,5,0.175
1986.7384315674763,6,0.175
1987.072678734161,5,0.175
1990.3288358804534,6,0.175
1995.1424770592016,5,0.175
1998.8212857435333,6,0.175
1999.8441742132054,5,0.175
